1.000000000e+00 0.000000000e+00 0.000000000e+00 0.000000000e+00 0.000000000e+00 1.000000000e+00 0.000000000e+00 0.000000000e+00 0.000000000e+00 0.000000000e+00 1.000000000e+00 0.000000000e+00
9.999999785e-01 -2.071515690e-04 -1.177021080e-05 8.008752785e-06 2.071509483e-04 9.999999772e-01 -5.270956231e-05 1.309407978e-03 1.178112940e-05 5.270712297e-05 9.999999985e-01 -3.993856228e-04
9.999998794e-01 -4.909116722e-04 -1.577942678e-05 7.492917553e-04 4.909104737e-04 9.999998766e-01 -7.586522128e-05 -4.584778329e-05 1.581666795e-05 7.585746585e-05 9.999999970e-01 -8.704927862e-04
1.000000000e+00 1.825392439e-06 7.573363937e-08 1.790443591e-03 -1.825386203e-06 9.999999966e-01 -8.226281800e-05 1.312079336e-03 -7.588380104e-08 8.226281786e-05 9.999999966e-01 -6.102780515e-04
9.999999782e-01 -2.089197456e-04 3.354329602e-06 2.273711937e-03 2.089199128e-04 9.999999769e-01 -4.994227591e-05 -1.608175892e-04 -3.343895597e-06 4.994297560e-05 9.999999987e-01 -2.923426546e-04
9.999998438e-01 -5.588501101e-04 -1.023839846e-05 1.218317891e-03 5.588499262e-04 9.999998437e-01 -1.795140577e-05 -4.261901168e-03 1.024842901e-05 1.794568124e-05 9.999999998e-01 -2.510497779e-04
9.999999508e-01 3.132681509e-04 -1.479449613e-05 1.345534457e-03 -3.132685947e-04 9.999999505e-01 -3.000522509e-05 2.209895243e-03 1.478509571e-05 3.000985826e-05 9.999999994e-01 -2.824552332e-04
9.999999789e-01 -2.052494579e-04 -9.857221697e-06 3.871350807e-04 2.052489277e-04 9.999999775e-01 -5.375699163e-05 1.744468349e-03 9.868255068e-06 5.375496731e-05 9.999999985e-01 -4.758099393e-04
9.999999790e-01 2.048845512e-04 1.071749627e-06 1.420940639e-03 -2.048844802e-04 9.999999768e-01 -6.580044448e-05 4.180489513e-03 -1.085231097e-06 6.580022351e-05 9.999999978e-01 -4.867383118e-04
9.999999822e-01 -1.887426924e-04 2.579166180e-06 2.146978111e-03 1.887428253e-04 9.999999809e-01 -5.162607229e-05 6.804786247e-04 -2.569422087e-06 5.162655817e-05 9.999999987e-01 -4.450252041e-04
9.999998815e-01 -4.868585871e-04 -7.197996369e-06 2.058123052e-03 4.868583290e-04 9.999998808e-01 -3.581135219e-05 -4.063896273e-03 7.215430575e-06 3.580784354e-05 9.999999993e-01 -3.819273361e-04
9.999998891e-01 4.708909554e-04 -1.195561102e-05 1.514188726e-03 -4.708914593e-04 9.999998882e-01 -4.218518623e-05 3.010738404e-03 1.193574506e-05 4.219081134e-05 9.999999990e-01 -3.021136090e-04
9.999999935e-01 -1.132084400e-04 -1.059356308e-05 -1.373771451e-03 1.132079714e-04 9.999999926e-01 -4.422061035e-05 3.014603571e-03 1.059856914e-05 4.421941079e-05 9.999999990e-01 -3.888868666e-04
9.999998922e-01 -4.643882679e-04 -3.602157139e-06 2.952876119e-03 4.643880772e-04 9.999998908e-01 -5.275259240e-05 -1.400486714e-03 3.626654430e-06 5.275091391e-05 9.999999986e-01 -5.009967453e-04
9.999999922e-01 -1.244429724e-04 -6.214915662e-06 1.781055374e-03 1.244426354e-04 9.999999908e-01 -5.419336694e-05 -1.245216503e-03 6.221659589e-06 5.419259312e-05 9.999999985e-01 -4.856196193e-04
9.999999674e-01 -2.549579662e-04 -1.129657817e-05 -1.607012461e-03 2.549574235e-04 9.999999663e-01 -4.801744028e-05 2.450000798e-04 1.130882022e-05 4.801455857e-05 9.999999988e-01 -3.846588608e-04
9.999998842e-01 -4.812647288e-04 -8.404662104e-06 -1.011766856e-03 4.812643744e-04 9.999998833e-01 -4.211773518e-05 5.218626258e-04 8.424930904e-06 4.211368543e-05 9.999999991e-01 -3.744977287e-04
9.999999794e-01 2.029429861e-04 -2.534681549e-06 2.573458621e-03 -2.029431116e-04 9.999999782e-01 -4.960301762e-05 2.711700620e-03 2.524614910e-06 4.960353099e-05 9.999999988e-01 -3.738599318e-04
9.999999974e-01 -7.190734175e-05 -1.939514582e-06 2.794553119e-03 7.190723455e-05 9.999999959e-01 -5.521738875e-05 7.901333194e-04 1.943485110e-06 5.521724914e-05 9.999999985e-01 -4.270873524e-04
9.999999506e-01 -3.144069193e-04 -2.547892962e-06 3.175927244e-03 3.144067907e-04 9.999999493e-01 -5.030480325e-05 -2.511668989e-03 2.563709011e-06 5.030399969e-05 9.999999987e-01 -3.923887194e-04
9.999999349e-01 -3.608937100e-04 -1.960639145e-06 3.942183037e-03 3.608936108e-04 9.999999336e-01 -5.038240122e-05 -1.018491616e-03 1.978821706e-06 5.038169035e-05 9.999999987e-01 -3.936005235e-04
9.999999938e-01 -1.113590799e-04 -6.208078651e-06 7.599853270e-04 1.113587576e-04 9.999999925e-01 -5.188618495e-05 5.571791797e-03 6.213856602e-06 5.188549331e-05 9.999999986e-01 -4.816560361e-04
9.999999303e-01 -3.733098359e-04 -8.949673902e-06 -1.591588967e-03 3.733094583e-04 9.999999294e-01 -4.216422760e-05 -1.495223609e-03 8.965413591e-06 4.216088366e-05 9.999999991e-01 -4.707625975e-04
9.999999392e-01 -3.486330938e-04 -8.155512076e-06 -1.502102589e-03 3.486328324e-04 9.999999387e-01 -3.203306137e-05 -5.570036586e-03 8.166679361e-06 3.203021614e-05 9.999999995e-01 -3.713288031e-04
9.999998577e-01 -5.333392069e-04 -7.485467827e-06 2.597550678e-04 5.333389617e-04 9.999998572e-01 -3.271515152e-05 -4.286147706e-03 7.502915031e-06 3.271115457e-05 9.999999994e-01 -3.050234156e-04
9.999999993e-01 -3.710369381e-05 -6.300094666e-06 2.680088003e-03 3.710339620e-05 9.999999982e-01 -4.723323632e-05 2.237641248e-03 6.301847182e-06 4.723300253e-05 9.999999989e-01 -3.981709049e-04
9.999997780e-01 6.663221806e-04 -4.228580532e-06 1.108989940e-03 -6.663224103e-04 9.999997765e-01 -5.455753005e-05 4.735332251e-03 4.192226694e-06 5.456033554e-05 9.999999985e-01 -5.060614009e-04
9.999999801e-01 1.992429619e-04 -1.111265873e-05 -3.565731187e-03 -1.992435036e-04 9.999999790e-01 -4.876944860e-05 2.002493736e-03 1.110294152e-05 4.877166175e-05 9.999999987e-01 -4.799465253e-04
9.999999096e-01 -4.252555959e-04 -6.561614369e-06 3.050051022e-03 4.252553255e-04 9.999999087e-01 -4.115883603e-05 -1.956324818e-03 6.579116796e-06 4.115604195e-05 9.999999991e-01 -3.596276761e-04
9.999998487e-01 -5.499233490e-04 -1.076395862e-05 1.944006702e-03 5.499228964e-04 9.999998479e-01 -4.200430184e-05 -9.529522848e-04 1.078705613e-05 4.199837614e-05 9.999999991e-01 -3.326022881e-04
9.999996390e-01 -8.496615046e-04 -1.309205376e-05 5.388011436e-04 8.496609280e-04 9.999996381e-01 -4.398584327e-05 -2.726311631e-04 1.312942210e-05 4.397470358e-05 9.999999989e-01 -4.159833086e-04
9.999995976e-01 -8.970860097e-04 -7.620062205e-06 8.622881964e-04 8.970856393e-04 9.999995964e-01 -4.846963914e-05 2.454675376e-05 7.663540565e-06 4.846278378e-05 9.999999988e-01 -4.665767280e-04
9.999999996e-01 -2.757993336e-05 2.537045090e-07 2.908967853e-03 2.757994828e-05 9.999999979e-01 -5.896877010e-05 2.228556034e-03 -2.520781537e-07 5.896877708e-05 9.999999983e-01 -4.506444952e-04
9.999999692e-01 2.480497173e-04 4.029091958e-08 2.702225726e-03 -2.480497147e-04 9.999999678e-01 -5.442144248e-05 2.351095573e-03 -5.379014170e-08 5.442143082e-05 9.999999985e-01 -4.675056979e-04
9.999999799e-01 -2.002024446e-04 -4.640813215e-06 2.553546872e-03 2.002022180e-04 9.999999788e-01 -4.876006389e-05 -4.718801586e-04 4.650575001e-06 4.875913381e-05 9.999999988e-01 -4.845189024e-04
9.999997362e-01 -7.263569307e-04 -9.717984376e-06 1.957156088e-03 7.263565669e-04 9.999997355e-01 -3.738283266e-05 -3.687850936e-03 9.745135085e-06 3.737576408e-05 9.999999993e-01 -4.025381256e-04
9.999999966e-01 -8.226709489e-05 -9.187284635e-06 1.809183398e-03 8.226666991e-05 9.999999955e-01 -4.624837213e-05 7.964917935e-04 9.191089313e-06 4.624761617e-05 9.999999989e-01 -3.239720106e-04
9.999995942e-01 9.008477222e-04 -3.449934663e-06 7.101041014e-04 -9.008479029e-04 9.999995928e-01 -5.274578310e-05 4.118462142e-03 3.402417340e-06 5.274886956e-05 9.999999986e-01 -2.704816305e-04
9.999999580e-01 -2.896912484e-04 -3.795518886e-06 -6.562251072e-04 2.896910615e-04 9.999999568e-01 -4.916440297e-05 6.473373090e-04 3.809761220e-06 4.916330138e-05 9.999999988e-01 -4.048120767e-04
9.999998873e-01 -4.746716030e-04 -1.007552116e-05 1.264682402e-03 4.746710350e-04 9.999998858e-01 -5.629901585e-05 3.560036676e-03 1.010224355e-05 5.629422694e-05 9.999999984e-01 -4.659909576e-04
9.999999963e-01 -8.520394502e-05 -1.080274904e-05 2.145902597e-03 8.520334581e-05 9.999999948e-01 -5.545683245e-05 6.088712218e-03 1.080747412e-05 5.545591181e-05 9.999999984e-01 -4.601336031e-04
9.999999905e-01 1.374182077e-04 -9.059179514e-06 8.653639554e-04 -1.374186724e-04 9.999999892e-01 -5.130949097e-05 5.976693423e-03 9.052128559e-06 5.131073539e-05 9.999999986e-01 -3.930402538e-04
9.999999094e-01 4.255791542e-04 -2.312279141e-06 1.651232775e-03 -4.255792660e-04 9.999999083e-01 -4.855612070e-05 3.475298670e-03 2.291614456e-06 4.855710036e-05 9.999999988e-01 -3.866411133e-04
9.999999470e-01 -3.255123940e-04 -2.533246821e-06 2.133318641e-03 3.255122750e-04 9.999999459e-01 -4.685064500e-05 -1.555483086e-03 2.548497150e-06 4.684981791e-05 9.999999989e-01 -4.433756594e-04
9.999999912e-01 -1.323853631e-04 -6.832071026e-06 1.538266553e-03 1.323850265e-04 9.999999900e-01 -4.924336621e-05 -3.831700023e-04 6.838590059e-06 4.924246132e-05 9.999999988e-01 -4.185295709e-04
9.999999819e-01 -1.901477980e-04 -7.291750535e-06 2.049284347e-03 1.901474746e-04 9.999999809e-01 -4.431531799e-05 -2.065609689e-03 7.300176856e-06 4.431393068e-05 9.999999990e-01 -4.245005454e-04
9.999999515e-01 -3.112633322e-04 -1.175897203e-05 -1.053485490e-03 3.112627821e-04 9.999999505e-01 -4.675134763e-05 -1.311877994e-03 1.177352343e-05 4.674768523e-05 9.999999988e-01 -3.973179720e-04
9.999999805e-01 1.975354982e-04 -6.524536847e-06 -1.865060199e-03 -1.975357753e-04 9.999999796e-01 -4.250068841e-05 2.143623925e-03 6.516141319e-06 4.250197640e-05 9.999999991e-01 -4.194811076e-04
9.999999832e-01 1.833500839e-04 -2.737296483e-06 9.604205355e-04 -1.833502059e-04 9.999999822e-01 -4.465502681e-05 1.533492405e-03 2.729108931e-06 4.465552794e-05 9.999999990e-01 -4.637025587e-04
9.999999760e-01 -2.191399127e-04 8.740641759e-07 4.379641415e-03 2.191399536e-04 9.999999749e-01 -4.697163245e-05 -1.013874652e-03 -8.637707945e-07 4.697182286e-05 9.999999989e-01 -4.404550223e-04
9.999999336e-01 -3.644555970e-04 -4.416774143e-06 3.287486755e-03 3.644553467e-04 9.999999320e-01 -5.653680513e-05 2.952514048e-03 4.437378998e-06 5.653519166e-05 9.999999984e-01 -3.846448819e-04
9.999998245e-01 -5.923275656e-04 -1.422028824e-05 -2.118390071e-03 5.923269671e-04 9.999998237e-01 -4.205283418e-05 -1.057332830e-03 1.424519478e-05 4.204440374e-05 9.999999990e-01 -4.091528334e-04
9.999999163e-01 -4.089499528e-04 -1.264363494e-05 -1.605665158e-03 4.089494190e-04 9.999999155e-01 -4.219738287e-05 -1.146157913e-03 1.266089049e-05 4.219220873e-05 9.999999990e-01 -4.809966233e-04
9.999999892e-01 -1.465673715e-04 -8.813288804e-06 3.280239416e-04 1.465669534e-04 9.999999881e-01 -4.741627578e-05 7.010435958e-04 8.820238378e-06 4.741498353e-05 9.999999988e-01 -4.969583164e-04
9.999999023e-01 -4.419139941e-04 -9.082082499e-06 1.186693187e-04 4.419135245e-04 9.999999010e-01 -5.164209331e-05 6.830889326e-04 9.104902964e-06 5.163807477e-05 9.999999986e-01 -4.426912126e-04
9.999998958e-01 -4.565310323e-04 -3.955007054e-06 2.515315406e-03 4.565308497e-04 9.999998947e-01 -4.606104838e-05 -3.706331976e-04 3.976034936e-06 4.605923799e-05 9.999999989e-01 -4.116041293e-04
9.999997486e-01 -7.089645051e-04 -9.326626168e-06 2.613227968e-04 7.089641488e-04 9.999997480e-01 -3.814527965e-05 -4.812250360e-03 9.353667467e-06 3.813865782e-05 9.999999992e-01 -3.103141542e-04
9.999999591e-01 -2.857347130e-04 -8.247057826e-06 1.226858819e-03 2.857343559e-04 9.999999582e-01 -4.326690500e-05 -1.327748816e-03 8.259420338e-06 4.326454677e-05 9.999999990e-01 -4.438902203e-04
9.999999004e-01 -4.461209211e-04 -8.927794396e-06 3.147706055e-03 4.461204230e-04 9.999998989e-01 -5.571145686e-05 4.036169364e-04 8.952647541e-06 5.570746844e-05 9.999999984e-01 -5.277822109e-04
9.999997703e-01 -6.777350545e-04 -9.648354537e-06 1.131299302e-02 6.777345460e-04 9.999997690e-01 -5.260852323e-05 -2.466627851e-03 9.684006948e-06 5.260197213e-05 9.999999986e-01 -4.862154828e-04
9.999997316e-01 -7.326234027e-04 -4.377798366e-07 2.233555989e-02 7.326233860e-04 9.999997309e-01 -3.695504197e-05 -3.632309182e-03 4.648538474e-07 3.695471132e-05 9.999999993e-01 -3.867010354e-04
9.999999615e-01 -2.773215110e-04 7.206193525e-06 3.784056094e-02 2.773217822e-04 9.999999608e-01 -3.766117648e-05 -3.658249466e-03 -7.195748989e-06 3.766317347e-05 9.999999993e-01 -3.242630141e-04
9.999999657e-01 -2.614121982e-04 1.363406378e-05 5.946583540e-02 2.614128940e-04 9.999999645e-01 -5.105688543e-05 -2.340184990e-03 -1.362071641e-05 5.106044780e-05 9.999999986e-01 -4.128162858e-04
9.999999390e-01 -3.490442290e-04 1.178188763e-05 8.503484216e-02 3.490449128e-04 9.999999374e-01 -5.809047508e-05 -1.798123005e-03 -1.176161075e-05 5.809458394e-05 9.999999982e-01 -6.118186597e-04
9.999999790e-01 -2.040779819e-04 -2.018452886e-05 1.072856571e-01 2.040765211e-04 9.999999766e-01 -7.234644816e-05 -2.257105802e-03 2.019929271e-05 7.234232745e-05 9.999999972e-01 -5.979760505e-04
9.999999828e-01 -1.755280945e-04 -5.948300625e-05 1.333715906e-01 1.755232271e-04 9.999999812e-01 -8.182488212e-05 -3.126738987e-03 5.949736770e-05 8.181444007e-05 9.999999949e-01 -6.169674053e-04
9.999999924e-01 -1.146103548e-04 -4.519451896e-05 1.702088976e-01 1.146070804e-04 9.999999908e-01 -7.244844804e-05 -3.915402093e-03 4.520282188e-05 7.244326788e-05 9.999999964e-01 -6.444043290e-04
9.999999975e-01 -6.219816398e-05 -3.309094651e-05 2.102593248e-01 6.219624596e-05 9.999999964e-01 -5.795999845e-05 -4.348868076e-03 3.309455139e-05 5.795794017e-05 9.999999978e-01 -4.663335683e-04
9.999999939e-01 1.041391839e-04 -3.701780345e-05 2.536006432e-01 -1.041414205e-04 9.999999928e-01 -6.042376134e-05 -6.074528081e-03 3.701151070e-05 6.042761606e-05 9.999999975e-01 4.403273941e-05
9.999999784e-01 1.959897399e-04 -6.865366326e-05 3.030759975e-01 -1.959941607e-04 9.999999787e-01 -6.439228244e-05 -7.356407681e-03 6.864104157e-05 6.440573677e-05 9.999999956e-01 2.644113846e-04
9.999999111e-01 4.120854398e-04 -8.959269832e-05 3.519767494e-01 -4.120915094e-04 9.999999128e-01 -6.773869827e-05 -1.004489552e-02 8.956477637e-05 6.777561263e-05 9.999999937e-01 8.618203541e-05
9.999995793e-01 9.040418223e-04 -1.553811498e-04 4.099790734e-01 -9.040549194e-04 9.999995878e-01 -8.424113308e-05 -1.029465455e-02 1.553049283e-04 8.438157073e-05 9.999999844e-01 -1.238464926e-05
9.999989941e-01 1.403134094e-03 -2.073574907e-04 4.670405811e-01 -1.403145658e-03 9.999990140e-01 -5.563201759e-05 -1.090792558e-02 2.072792271e-04 5.592291440e-05 9.999999770e-01 1.353233446e-05
9.999982916e-01 1.834051192e-03 -2.301223574e-04 5.323868168e-01 -1.834057812e-03 9.999983177e-01 -2.855961472e-05 -1.401899577e-02 2.300695904e-04 2.898162364e-05 9.999999731e-01 2.408797236e-05
9.999977534e-01 2.106155771e-03 -2.393832679e-04 5.981408592e-01 -2.106168767e-03 9.999977806e-01 -5.405057246e-05 -1.529075049e-02 2.392688977e-04 5.455463260e-05 9.999999699e-01 1.849633321e-04
9.999961743e-01 2.754005389e-03 -2.585899387e-04 6.715432542e-01 -2.754028418e-03 9.999962037e-01 -8.874040983e-05 -1.956982032e-02 2.583445654e-04 8.945223437e-05 9.999999626e-01 2.654538162e-04
9.999950128e-01 3.149973482e-03 -2.280193236e-04 7.466407081e-01 -3.150006498e-03 9.999950283e-01 -1.445818624e-04 -2.310087276e-02 2.275627610e-04 1.452994037e-04 9.999999636e-01 2.777559000e-04
9.999932985e-01 3.652361917e-03 -2.514938250e-04 8.267543598e-01 -3.652397006e-03 9.999933203e-01 -1.392053922e-04 -2.561863504e-02 2.509837166e-04 1.401230146e-04 9.999999587e-01 3.262628515e-04
9.999912872e-01 4.166222487e-03 -2.610634781e-04 9.095510835e-01 -4.166254021e-03 9.999913139e-01 -1.203639733e-04 -2.892097246e-02 2.605597474e-04 1.214505813e-04 9.999999587e-01 3.260242487e-04
9.999884949e-01 4.786714607e-03 -3.119878855e-04 9.973763460e-01 -4.786751348e-03 9.999885366e-01 -1.171254624e-04 -3.108045228e-02 3.114236629e-04 1.186175233e-04 9.999999445e-01 6.530343652e-04
9.999843289e-01 5.587363144e-03 -3.510616068e-04 1.089205904e+00 -5.587414210e-03 9.999843798e-01 -1.446498210e-04 -3.444610112e-02 3.502479121e-04 1.466090808e-04 9.999999279e-01 7.670298336e-04
9.999815118e-01 6.070697446e-03 -3.501398689e-04 1.186145282e+00 -6.070753128e-03 9.999815603e-01 -1.581838757e-04 -3.900257089e-02 3.491731260e-04 1.603065638e-04 9.999999262e-01 1.644521633e-03
9.999775029e-01 6.705038368e-03 -1.900436004e-04 1.291249493e+00 -6.705061634e-03 9.999775134e-01 -1.220569977e-04 -4.347934597e-02 1.892209301e-04 1.233285058e-04 9.999999745e-01 1.950809465e-03
9.999745529e-01 7.131839203e-03 -1.746125903e-04 1.393516073e+00 -7.131854350e-03 9.999745643e-01 -8.628013627e-05 -4.652774828e-02 1.739928128e-04 8.752325225e-05 9.999999810e-01 2.148381910e-03
9.999693919e-01 7.821072194e-03 -2.145807269e-04 1.500676751e+00 -7.821091765e-03 9.999694107e-01 -9.051953895e-05 -4.967434513e-02 2.138662032e-04 9.219502387e-05 9.999999729e-01 2.644900661e-03
9.999643062e-01 8.445620885e-03 -2.403107778e-04 1.607633313e+00 -8.445651374e-03 9.999643269e-01 -1.261422952e-04 -5.514279250e-02 2.392368552e-04 1.281673737e-04 9.999999632e-01 2.886936605e-03
9.999574553e-01 9.220697570e-03 -2.576473359e-04 1.717857667e+00 -9.220742846e-03 9.999574727e-01 -1.750968629e-04 -5.952156296e-02 2.560218636e-04 1.774651133e-04 9.999999515e-01 2.724461514e-03
9.999519170e-01 9.802257011e-03 -2.819267607e-04 1.827707966e+00 -9.802302296e-03 9.999519435e-01 -1.596986665e-04 -6.506530322e-02 2.803478049e-04 1.624545191e-04 9.999999475e-01 2.576106040e-03
9.999452399e-01 1.045871027e-02 -3.640596401e-04 1.942216844e+00 -1.045876957e-02 9.999452926e-01 -1.613634089e-04 -6.962457731e-02 3.623520702e-04 1.651621885e-04 9.999999207e-01 2.374734674e-03
9.999369025e-01 1.122345634e-02 -4.743098794e-04 2.065324220e+00 -1.122354167e-02 9.999369983e-01 -1.776320525e-04 -7.556916033e-02 4.722863514e-04 1.829442810e-04 9.999998717e-01 2.060887743e-03
9.999309996e-01 1.173260721e-02 -5.848411027e-04 2.188751649e+00 -1.173272011e-02 9.999311512e-01 -1.899837178e-04 -8.083405330e-02 5.825718328e-04 1.968323858e-04 9.999998109e-01 2.208795528e-03
9.999250210e-01 1.222955164e-02 -6.249057231e-04 2.314474339e+00 -1.222970032e-02 9.999251869e-01 -2.346527131e-04 -8.824124623e-02 6.219892745e-04 2.422775288e-04 9.999997772e-01 2.143280014e-03
9.999196323e-01 1.266297073e-02 -6.148846421e-04 2.440080442e+00 -1.266312578e-02 9.999197884e-01 -2.489234622e-04 -9.316554517e-02 6.116832107e-04 2.566898184e-04 9.999997800e-01 1.747649096e-03
9.999166635e-01 1.289300626e-02 -6.606485749e-04 2.569525079e+00 -1.289316247e-02 9.999168526e-01 -2.327418373e-04 -9.652976973e-02 6.575929018e-04 2.412402908e-04 9.999997547e-01 1.994160357e-03
9.999162528e-01 1.291750285e-02 -7.908771485e-04 2.697785288e+00 -1.291765337e-02 9.999165464e-01 -1.855049555e-04 -1.005639733e-01 7.884148862e-04 1.957056968e-04 9.999996701e-01 1.911049061e-03
9.999116214e-01 1.326991357e-02 -8.117116519e-04 2.831520323e+00 -1.327000959e-02 9.999119432e-01 -1.130250882e-04 -1.063027797e-01 8.101403420e-04 1.237865206e-04 9.999996642e-01 1.010848081e-03
9.999022877e-01 1.394802297e-02 -9.315489524e-04 2.968987412e+00 -1.394808541e-02 9.999027189e-01 -6.057303953e-05 -1.120656552e-01 9.306134561e-04 7.356044515e-05 9.999995643e-01 8.066463044e-04
9.998965772e-01 1.434595122e-02 -1.014173260e-03 3.106142258e+00 -1.434594841e-02 9.998970915e-01 1.004350210e-05 -1.179118690e-01 1.014212977e-03 4.506813900e-06 9.999994857e-01 2.446243111e-03
9.998916003e-01 1.467428228e-02 -1.205435376e-03 3.248728467e+00 -1.467420810e-02 9.998923255e-01 7.036293241e-05 -1.254153713e-01 1.206338107e-03 -5.266649553e-05 9.999992710e-01 3.573329147e-03
9.998863065e-01 1.500701452e-02 -1.470907947e-03 3.389463492e+00 -1.500687720e-02 9.998873850e-01 1.043554977e-04 -1.317515942e-01 1.472308365e-03 -8.226989824e-05 9.999989128e-01 3.816779431e-03
9.998748968e-01 1.573096117e-02 -1.651541538e-03 3.531107449e+00 -1.573087789e-02 9.998762601e-01 6.340300757e-05 -1.381523966e-01 1.652334567e-03 -3.741487738e-05 9.999986342e-01 3.867351521e-03
9.998617363e-01 1.652607116e-02 -1.843186588e-03 3.675224712e+00 -1.652596888e-02 9.998634344e-01 7.070858394e-05 -1.398845980e-01 1.844103407e-03 -4.023836332e-05 9.999982988e-01 4.291067203e-03
9.998501838e-01 1.720819391e-02 -1.867599202e-03 3.823067431e+00 -1.720778594e-02 9.998519076e-01 2.342948124e-04 -1.410698853e-01 1.871354415e-03 -2.021224639e-04 9.999982286e-01 5.957228377e-03
9.998460803e-01 1.742567362e-02 -2.040021702e-03 3.968132597e+00 -1.742509270e-02 9.998481259e-01 3.021878229e-04 -1.446424694e-01 2.044977702e-03 -2.665937429e-04 9.999978735e-01 6.871817105e-03
9.998398546e-01 1.775964359e-02 -2.204606871e-03 4.117607872e+00 -1.775918143e-02 9.998422671e-01 2.290375936e-04 -1.542498280e-01 2.208326758e-03 -1.898489009e-04 9.999975436e-01 7.361399525e-03
9.998329391e-01 1.809978692e-02 -2.547852370e-03 4.265050293e+00 -1.809967842e-02 9.998361852e-01 6.563638136e-05 -1.642480111e-01 2.548622998e-03 -1.951010754e-05 9.999967521e-01 5.980458322e-03
9.998186631e-01 1.884374776e-02 -2.748465193e-03 4.413941689e+00 -1.884386240e-02 9.998224385e-01 -1.581709366e-05 -1.728490118e-01 2.747679118e-03 6.760592533e-05 9.999962228e-01 5.243319525e-03
9.998058081e-01 1.946743332e-02 -3.060251594e-03 4.563386521e+00 -1.946757131e-02 9.998104888e-01 -1.530660619e-05 -1.774529439e-01 3.059373662e-03 7.487929991e-05 9.999953173e-01 5.268865493e-03
9.997965032e-01 1.987999113e-02 -3.426091451e-03 4.714940215e+00 -1.988020559e-02 9.998023688e-01 -2.854806588e-05 -1.840539160e-01 3.424846813e-03 9.665365885e-05 9.999941305e-01 5.174459201e-03
9.997888770e-01 2.022494955e-02 -3.626694624e-03 4.868321536e+00 -2.022559084e-02 9.997954320e-01 -1.402322295e-04 -1.898642302e-01 3.623116528e-03 2.135546648e-04 9.999934137e-01 3.713992459e-03
9.997793568e-01 2.069302199e-02 -3.610623999e-03 5.024494536e+00 -2.069392037e-02 9.997858355e-01 -2.116296002e-04 -1.996412833e-01 3.605471475e-03 2.863008711e-04 9.999934593e-01 2.616982615e-03
9.997704868e-01 2.112434782e-02 -3.568705556e-03 5.176435952e+00 -2.112527867e-02 9.997768115e-01 -2.233398509e-04 -2.065881375e-01 3.563191153e-03 2.986784908e-04 9.999936072e-01 3.450772205e-03
9.997570823e-01 2.172567191e-02 -3.711018514e-03 5.333136682e+00 -2.172577103e-02 9.997639675e-01 1.360389157e-05 -2.151373516e-01 3.710438147e-03 6.702415161e-05 9.999931141e-01 2.723879121e-03
9.997461380e-01 2.216007819e-02 -4.073131455e-03 5.489543329e+00 -2.215993249e-02 9.997544353e-01 8.090369284e-05 -2.222468962e-01 4.073924069e-03 9.377163588e-06 9.999917015e-01 3.075769897e-03
9.997372545e-01 2.253739038e-02 -4.181863892e-03 5.644193155e+00 -2.253698683e-02 9.997459995e-01 1.436021049e-04 -2.288812640e-01 4.184038113e-03 -4.931776267e-05 9.999912457e-01 4.818014194e-03
9.997273456e-01 2.300434668e-02 -4.004320021e-03 5.800108663e+00 -2.300433640e-02 9.997353641e-01 4.863246166e-05 -2.360933542e-01 4.004379092e-03 4.349752300e-05 9.999919815e-01 6.599129254e-03
9.997153603e-01 2.354717018e-02 -3.837871268e-03 5.957365104e+00 -2.354724139e-02 9.997227249e-01 2.663454576e-05 -2.464967071e-01 3.837434290e-03 6.374431667e-05 9.999926350e-01 5.124864428e-03
9.996985716e-01 2.428727002e-02 -3.590879043e-03 6.117112983e+00 -2.428723085e-02 9.997050202e-01 5.451919435e-05 -2.550550027e-01 3.591143929e-03 3.270974758e-05 9.999935513e-01 3.540840277e-03
9.996876529e-01 2.479430740e-02 -3.136724729e-03 6.274543932e+00 -2.479366628e-02 9.996925602e-01 2.431183517e-04 -2.596071637e-01 3.141788326e-03 -1.652715082e-04 9.999950509e-01 5.039661515e-03
9.996793332e-01 2.521755660e-02 -2.303399252e-03 6.438810491e+00 -2.521605467e-02 9.996817943e-01 6.787830416e-04 -2.570269002e-01 2.319783547e-03 -6.204827369e-04 9.999971168e-01 5.099070612e-03
9.996788984e-01 2.527314339e-02 -1.835316155e-03 6.601321409e+00 -2.527167978e-02 9.996802868e-01 8.163367820e-04 -2.640645234e-01 1.855360777e-03 -7.696931328e-04 9.999979826e-01 5.453401216e-03
9.996701425e-01 2.562173247e-02 -1.770040849e-03 6.763257770e+00 -2.562048718e-02 9.996714802e-01 7.226674303e-04 -2.755222771e-01 1.787975347e-03 -6.770797441e-04 9.999981724e-01 5.019956980e-03
9.996518950e-01 2.633026058e-02 -1.675200536e-03 6.924774273e+00 -2.632951347e-02 9.996532094e-01 4.664901969e-04 -2.892695271e-01 1.686902401e-03 -4.222205942e-04 9.999984880e-01 4.527963878e-03
9.996327794e-01 2.706904403e-02 -1.254279306e-03 7.084389310e+00 -2.706861672e-02 9.996335143e-01 3.564144837e-04 -3.030755195e-01 1.263467430e-03 -3.223319952e-04 9.999991499e-01 2.613098725e-03
9.996162283e-01 2.768376242e-02 -1.002693929e-03 7.243164892e+00 -2.768348298e-02 9.996166964e-01 2.915082781e-04 -3.114144381e-01 1.010379639e-03 -2.636383451e-04 9.999994548e-01 1.420993494e-03
9.996035521e-01 2.814038919e-02 -9.258287017e-04 7.401759413e+00 -2.814006477e-02 9.996039246e-01 3.615976545e-04 -3.173841859e-01 9.356375025e-04 -3.354014202e-04 9.999995060e-01 5.721854682e-05
9.995878526e-01 2.868658374e-02 -1.097625661e-03 7.558885871e+00 -2.868611505e-02 9.995883717e-01 4.403883476e-04 -3.238598468e-01 1.109807084e-03 -4.087202267e-04 9.999993006e-01 1.310284901e-03
9.995777835e-01 2.903597811e-02 -1.080155807e-03 7.720925341e+00 -2.903520639e-02 9.995781277e-01 7.234072144e-04 -3.314575755e-01 1.100704955e-03 -6.917392331e-04 9.999991550e-01 3.892409829e-03
9.995691209e-01 2.934093204e-02 -8.259750174e-04 7.887761274e+00 -2.934023373e-02 9.995691253e-01 8.452205780e-04 -3.429032815e-01 8.504186852e-04 -8.206220901e-04 9.999993017e-01 2.967452276e-03
9.995491025e-01 3.001868582e-02 -6.857702809e-04 8.049683395e+00 -3.001818125e-02 9.995490829e-01 7.345839025e-04 -3.536034230e-01 7.075122988e-04 -7.136671038e-04 9.999994951e-01 4.244896079e-04
9.995270546e-01 3.074930253e-02 -3.840301896e-04 8.208910768e+00 -3.074912507e-02 9.995270281e-01 4.597404407e-04 -3.612304879e-01 3.979852521e-04 -4.477144163e-04 9.999998206e-01 -5.620335504e-04
9.995266856e-01 3.076162314e-02 -3.568415719e-04 8.371110234e+00 -3.076140752e-02 9.995265790e-01 5.947550971e-04 -3.665230077e-01 3.749682677e-04 -5.834966419e-04 9.999997595e-01 7.854921974e-04
9.995233726e-01 3.086802591e-02 -4.389322772e-04 8.535425517e+00 -3.086769711e-02 9.995232073e-01 7.371077210e-04 -3.750703131e-01 4.614760577e-04 -7.232075666e-04 9.999996320e-01 2.260137649e-03
9.995064338e-01 3.141031042e-02 -5.302297140e-04 8.698362859e+00 -3.140984344e-02 9.995062129e-01 8.672038748e-04 -3.843536938e-01 5.572070363e-04 -8.501214200e-04 9.999994834e-01 2.993091609e-03
9.995011949e-01 3.157757244e-02 -4.673308788e-04 8.859047887e+00 -3.157715510e-02 9.995009343e-01 8.749880751e-04 -3.949248811e-01 4.947276493e-04 -8.597946469e-04 9.999995080e-01 1.989486217e-03
9.994890969e-01 3.195720667e-02 -5.311754641e-04 9.022195341e+00 -3.195672865e-02 9.994888613e-01 8.852767909e-04 -4.033330039e-01 5.591949331e-04 -8.678498700e-04 9.999994671e-01 9.523050535e-04
9.994670426e-01 3.263044365e-02 -9.406847153e-04 9.183668091e+00 -3.262941328e-02 9.994669239e-01 1.090639805e-03 -4.094842147e-01 9.757713195e-04 -1.059364550e-03 9.999989628e-01 -3.674498218e-04
9.994526122e-01 3.306366168e-02 -1.127051866e-03 9.348600553e+00 -3.306200497e-02 9.994522387e-01 1.458185877e-03 -4.150974526e-01 1.174647475e-03 -1.420125090e-03 9.999983017e-01 -1.759641376e-03
9.994558630e-01 3.296892851e-02 -1.013748677e-03 9.517088115e+00 -3.296738115e-02 9.994552921e-01 1.506974433e-03 -4.274049070e-01 1.062879813e-03 -1.472733793e-03 9.999983507e-01 -3.876925212e-03
9.994549874e-01 3.300383181e-02 -6.894199744e-04 9.684582026e+00 -3.300288481e-02 9.994543547e-01 1.342591304e-03 -4.448674810e-01 7.333544532e-04 -1.319106726e-03 9.999988611e-01 -6.334494165e-03
9.994289901e-01 3.378528131e-02 -4.985827200e-04 9.849934640e+00 -3.378458957e-02 9.994282447e-01 1.336110339e-03 -4.536185666e-01 5.434385164e-04 -1.318502994e-03 9.999989831e-01 -8.272681426e-03
9.994128378e-01 3.426332602e-02 6.433563411e-05 1.001631741e+01 -3.426338605e-02 9.994113394e-01 1.730649983e-03 -4.570971887e-01 -4.999937663e-06 -1.731838168e-03 9.999985004e-01 -6.159584240e-03
9.994288620e-01 3.379252831e-02 1.221639529e-04 1.018567257e+01 -3.379270953e-02 9.994266943e-01 2.082186249e-03 -4.611957190e-01 -5.173157789e-05 -2.085125284e-03 9.999978248e-01 -2.909072965e-03
9.994247250e-01 3.391428608e-02 2.006282667e-04 1.035295135e+01 -3.391468958e-02 9.994214384e-01 2.565587032e-03 -4.642682145e-01 -1.135021383e-04 -2.570915359e-03 9.999966888e-01 -2.714157804e-03
9.994029486e-01 3.455037667e-02 1.332391089e-04 1.051509960e+01 -3.455061041e-02 9.993993130e-01 2.696030150e-03 -4.758674952e-01 -4.001021675e-05 -2.699023974e-03 9.999963568e-01 -2.304106854e-03
9.994018337e-01 3.458228217e-02 -2.013859712e-04 1.067862420e+01 -3.458164270e-02 9.993984942e-01 2.599967144e-03 -4.909599965e-01 2.911776338e-04 -2.591447674e-03 9.999965998e-01 -3.847573676e-03
9.993931581e-01 3.483164928e-02 -2.678718425e-04 1.085143532e+01 -3.483085978e-02 9.993900051e-01 2.535529525e-03 -5.052465547e-01 3.560251172e-04 -2.524660653e-03 9.999967497e-01 -5.754470671e-03
9.993758678e-01 3.532521408e-02 -6.407310051e-05 1.102325041e+01 -3.532495713e-02 9.993729712e-01 2.410787174e-03 -5.168269274e-01 1.491944979e-04 -2.407019145e-03 9.999970920e-01 -5.755175186e-03
9.993815363e-01 3.516446120e-02 7.526701906e-05 1.119003640e+01 -3.516453871e-02 9.993782709e-01 2.554757337e-03 -5.284879933e-01 1.461644188e-05 -2.555824043e-03 9.999967338e-01 -4.687555929e-03
9.993767068e-01 3.530137854e-02 1.032218394e-04 1.135284542e+01 -3.530152896e-02 9.993729073e-01 2.755742307e-03 -5.376314416e-01 -5.875607423e-06 -2.757668560e-03 9.999961976e-01 -5.478954953e-03
9.993492874e-01 3.606889040e-02 1.922999951e-04 1.151796263e+01 -3.606928224e-02 9.993455352e-01 2.740104166e-03 -5.448259622e-01 -9.334162465e-05 -2.745257268e-03 9.999962274e-01 -5.555267093e-03
9.993359811e-01 3.643500079e-02 2.958471514e-04 1.168350344e+01 -3.643567157e-02 9.993323015e-01 2.718997823e-03 -5.532147921e-01 -1.965829269e-04 -2.727971747e-03 9.999962598e-01 -6.872734009e-03
9.993422271e-01 3.626421998e-02 1.393570151e-04 1.185298337e+01 -3.626446411e-02 9.993385844e-01 2.698601130e-03 -5.658285031e-01 -4.140217713e-05 -2.701879771e-03 9.999963491e-01 -6.877852072e-03
9.993352407e-01 3.645477460e-02 -3.550769765e-04 1.202268942e+01 -3.645362304e-02 9.993313159e-01 2.838024386e-03 -5.788748236e-01 4.582990815e-04 -2.823193941e-03 9.999959098e-01 -9.101613250e-03
9.993192718e-01 3.688229938e-02 -8.300062538e-04 1.218992636e+01 -3.687983187e-02 9.993157452e-01 2.814138925e-03 -5.867756915e-01 9.332302324e-04 -2.781612770e-03 9.999956958e-01 -9.888201053e-03
9.993162474e-01 3.695732804e-02 -1.092547407e-03 1.235398575e+01 -3.695398323e-02 9.993126503e-01 2.937709173e-03 -5.964622039e-01 1.200366327e-03 -2.895326529e-03 9.999950881e-01 -9.758533718e-03
9.993079816e-01 3.717428821e-02 -1.276825665e-03 1.252352047e+01 -3.717016223e-02 9.993040927e-01 3.115971854e-03 -6.076358705e-01 1.391771148e-03 -3.066355727e-03 9.999943302e-01 -9.745579117e-03
9.992957665e-01 3.747221514e-02 -1.950429815e-03 1.269367684e+01 -3.746584872e-02 9.992927713e-01 3.204269153e-03 -6.131420946e-01 2.069121478e-03 -3.128938091e-03 9.999929642e-01 -1.107578182e-02
9.992777618e-01 3.790767517e-02 -2.638724454e-03 1.285925827e+01 -3.789904662e-02 9.992762991e-01 3.246595011e-03 -6.233476487e-01 2.759885675e-03 -3.144245055e-03 9.999912483e-01 -1.164950312e-02
9.992745649e-01 3.796952163e-02 -2.942689363e-03 1.302542873e+01 -3.795977114e-02 9.992738147e-01 3.301377657e-03 -6.369417931e-01 3.065904156e-03 -3.187278907e-03 9.999902207e-01 -9.942211628e-03
9.992567616e-01 3.839106588e-02 -3.471378581e-03 1.319282897e+01 -3.837893042e-02 9.992571370e-01 3.497415081e-03 -6.466248689e-01 3.603069315e-03 -3.361587871e-03 9.999878587e-01 -8.567189678e-03
9.992411126e-01 3.875594475e-02 -3.895581748e-03 1.335730870e+01 -3.874191308e-02 9.992427108e-01 3.615110594e-03 -6.571515260e-01 4.032738692e-03 -3.461444842e-03 9.999858776e-01 -7.975546208e-03
9.992425545e-01 3.869088344e-02 -4.163267593e-03 1.352473211e+01 -3.867667791e-02 9.992458554e-01 3.440202532e-03 -6.721374956e-01 4.293232362e-03 -3.276575407e-03 9.999854160e-01 -8.012982133e-03
9.992347531e-01 3.885015227e-02 -4.535841385e-03 1.369571320e+01 -3.883546375e-02 9.992402266e-01 3.282726952e-03 -6.875545560e-01 4.659929615e-03 -3.104063352e-03 9.999843248e-01 -1.039364215e-02
9.992221907e-01 3.911114323e-02 -5.033092189e-03 1.386297853e+01 -3.909554231e-02 9.992304752e-01 3.161635269e-03 -7.002408573e-01 5.152874270e-03 -2.962404651e-03 9.999823359e-01 -1.257015309e-02
9.991995395e-01 3.955698586e-02 -5.960300535e-03 1.402378512e+01 -3.953891030e-02 9.992131586e-01 3.120617642e-03 -7.084236334e-01 6.079052951e-03 -2.882455923e-03 9.999773680e-01 -1.336940945e-02
9.991904580e-01 3.968474032e-02 -6.599239492e-03 1.418777025e+01 -3.966424241e-02 9.992079128e-01 3.208552586e-03 -7.197715081e-01 6.721342896e-03 -2.944201293e-03 9.999730773e-01 -1.227649344e-02
9.991947976e-01 3.950907552e-02 -6.984943216e-03 1.435723247e+01 -3.948715249e-02 9.992147955e-01 3.249200685e-03 -7.313773760e-01 7.107831522e-03 -2.970768903e-03 9.999703262e-01 -9.134098771e-03
9.992048041e-01 3.923804159e-02 -7.080648983e-03 1.452412598e+01 -3.921605472e-02 9.992255734e-01 3.217831949e-03 -7.454443912e-01 7.201426964e-03 -2.937598024e-03 9.999697545e-01 -7.561704751e-03
9.992224347e-01 3.880576588e-02 -6.974134953e-03 1.469148080e+01 -3.878391351e-02 9.992423624e-01 3.241791134e-03 -7.592013484e-01 7.094651274e-03 -2.968786183e-03 9.999704257e-01 -7.234029919e-03
9.992395118e-01 3.837609365e-02 -6.904593041e-03 1.485800588e+01 -3.835415214e-02 9.992588168e-01 3.282693633e-03 -7.687779458e-01 7.025452430e-03 -3.015377372e-03 9.999707748e-01 -7.981214601e-03
9.992481641e-01 3.812126113e-02 -7.062297742e-03 1.502572293e+01 -3.809818771e-02 9.992683065e-01 3.373396467e-03 -7.752703677e-01 7.185728432e-03 -3.101799482e-03 9.999693716e-01 -9.598946056e-03
9.992499868e-01 3.794439480e-02 -7.725717362e-03 1.518585918e+01 -3.791889212e-02 9.992749636e-01 3.421206559e-03 -7.823787532e-01 7.849931549e-03 -3.125689965e-03 9.999643037e-01 -9.195077777e-03
9.992525984e-01 3.776248143e-02 -8.260729290e-03 1.534809655e+01 -3.773413975e-02 9.992814713e-01 3.560316203e-03 -7.922531685e-01 8.389240093e-03 -3.245943703e-03 9.999595414e-01 -6.988875288e-03
9.992714382e-01 3.722579560e-02 -8.416229787e-03 1.551214524e+01 -3.719570134e-02 9.993011341e-01 3.704483938e-03 -8.030746994e-01 8.548250333e-03 -3.388737423e-03 9.999577210e-01 -4.726757643e-03
9.992784702e-01 3.696481726e-02 -8.725901160e-03 1.567262715e+01 -3.693387034e-02 9.993109304e-01 3.681509002e-03 -8.147692990e-01 8.855974715e-03 -3.356571381e-03 9.999551516e-01 -2.783289562e-03
9.992897381e-01 3.665090200e-02 -8.759603903e-03 1.583535032e+01 -3.662074687e-02 9.993228282e-01 3.578528880e-03 -8.246354749e-01 8.884828458e-03 -3.255203950e-03 9.999552307e-01 -1.616476641e-03
9.993095351e-01 3.604661205e-02 -9.005269157e-03 1.600081839e+01 -3.601523637e-02 9.993446757e-01 3.622403012e-03 -8.312701978e-01 9.129943142e-03 -3.295574973e-03 9.999528906e-01 -2.003256961e-03
9.993259628e-01 3.546838523e-02 -9.466447386e-03 1.616218664e+01 -3.543442332e-02 9.993650368e-01 3.731591899e-03 -8.407257484e-01 9.592790080e-03 -3.393638564e-03 9.999482295e-01 -8.080156123e-04
9.993330048e-01 3.507166340e-02 -1.017467221e-02 1.632182674e+01 -3.503400793e-02 9.993786822e-01 3.855882091e-03 -8.488012198e-01 1.030358270e-02 -3.496850690e-03 9.999408024e-01 1.222348939e-03
9.993328807e-01 3.490197442e-02 -1.075386767e-02 1.648126418e+01 -3.486074435e-02 9.993841829e-01 3.997921105e-03 -8.580626348e-01 1.088678060e-02 -3.620366183e-03 9.999341833e-01 2.605998268e-03
9.993414226e-01 3.454654294e-02 -1.110214002e-02 1.664125829e+01 -3.450219264e-02 9.993959566e-01 4.161815192e-03 -8.693381026e-01 1.123921017e-02 -3.776026140e-03 9.999297084e-01 2.700826590e-03
9.993484326e-01 3.423764895e-02 -1.142338464e-02 1.679871989e+01 -3.419004713e-02 9.994059404e-01 4.336694575e-03 -8.764408973e-01 1.156507670e-02 -3.943302866e-03 9.999253469e-01 4.346911950e-03
9.993517664e-01 3.402973329e-02 -1.174836783e-02 1.695682870e+01 -3.397952863e-02 9.994126360e-01 4.446872356e-03 -8.839366860e-01 1.189279314e-02 -4.044785743e-03 9.999210975e-01 8.829202608e-03
9.993389376e-01 3.410703695e-02 -1.258562003e-02 1.711248039e+01 -3.405169857e-02 9.994095536e-01 4.585415679e-03 -8.926565857e-01 1.273458384e-02 -4.153822694e-03 9.999102840e-01 1.191811570e-02
9.993324507e-01 3.393848970e-02 -1.352153706e-02 1.726435688e+01 -3.387964238e-02 9.994155277e-01 4.557732272e-03 -9.047998608e-01 1.366831665e-02 -4.096584921e-03 9.998981924e-01 1.323711858e-02
9.993281234e-01 3.365831622e-02 -1.450584477e-02 1.741970582e+01 -3.359683317e-02 9.994255084e-01 4.461618991e-03 -9.160758087e-01 1.464768186e-02 -3.971270887e-03 9.998848306e-01 1.225405521e-02
9.993321766e-01 3.337985687e-02 -1.486559359e-02 1.757129930e+01 -3.331744677e-02 9.994350177e-01 4.426411861e-03 -9.209935244e-01 1.500494778e-02 -3.928172176e-03 9.998797033e-01 1.172094386e-02
9.993484754e-01 3.283707995e-02 -1.497834769e-02 1.772482005e+01 -3.277203794e-02 9.994524161e-01 4.567442281e-03 -9.272932459e-01 1.512012725e-02 -4.073595501e-03 9.998773863e-01 1.384081394e-02
9.993579276e-01 3.267011378e-02 -1.471041127e-02 1.788049504e+01 -3.260396941e-02 9.994572320e-01 4.714088627e-03 -9.356733274e-01 1.485643674e-02 -4.231444042e-03 9.998806835e-01 1.728117844e-02
9.993592460e-01 3.254135077e-02 -1.490496403e-02 1.803927452e+01 -3.247405672e-02 9.994613630e-01 4.734929492e-03 -9.491121781e-01 1.505101667e-02 -4.247870920e-03 9.998777038e-01 1.858624367e-02
9.993559205e-01 3.247712292e-02 -1.526370560e-02 1.819530013e+01 -3.240736168e-02 9.994632376e-01 4.795798918e-03 -9.574380028e-01 1.541126637e-02 -4.298053614e-03 9.998720016e-01 1.905954310e-02
9.993706048e-01 3.183979981e-02 -1.564038042e-02 1.835082730e+01 -3.176928853e-02 9.994840067e-01 4.736304222e-03 -9.664247486e-01 1.578311306e-02 -4.236439456e-03 9.998664640e-01 2.049465560e-02
9.993801943e-01 3.154324843e-02 -1.562852294e-02 1.850859784e+01 -3.147214817e-02 9.994932246e-01 4.774701964e-03 -9.719584731e-01 1.577121240e-02 -4.279879387e-03 9.998664668e-01 2.229058818e-02
9.993845949e-01 3.143054821e-02 -1.557408436e-02 1.866303533e+01 -3.135908208e-02 9.994965996e-01 4.812001664e-03 -9.792197653e-01 1.571748821e-02 -4.320651344e-03 9.998671374e-01 2.472157196e-02
9.993912310e-01 3.118470605e-02 -1.564229969e-02 1.881754525e+01 -3.110954192e-02 9.995033457e-01 5.025772211e-03 -9.888285236e-01 1.579125811e-02 -4.536087898e-03 9.998650209e-01 2.504400551e-02
9.993972926e-01 3.086462454e-02 -1.588793745e-02 1.897185811e+01 -3.078812552e-02 9.995132402e-01 5.037254750e-03 -9.964471069e-01 1.603567682e-02 -4.545058947e-03 9.998610901e-01 2.626688091e-02
9.994173212e-01 3.038360823e-02 -1.555166969e-02 1.912894479e+01 -3.030809873e-02 9.995277541e-01 5.068320972e-03 -1.004181852e+00 1.569831936e-02 -4.594026228e-03 9.998662199e-01 2.978003715e-02
9.994368286e-01 2.993207738e-02 -1.516892728e-02 1.929037105e+01 -2.985828891e-02 9.995412946e-01 5.067846057e-03 -1.013203959e+00 1.531366037e-02 -4.612073778e-03 9.998721021e-01 3.213069817e-02
9.994525277e-01 2.958292756e-02 -1.481537457e-02 1.944647498e+01 -2.951056040e-02 9.995515613e-01 5.079672269e-03 -1.024032901e+00 1.495900236e-02 -4.639681283e-03 9.998773433e-01 3.326119391e-02
9.994726142e-01 2.909493059e-02 -1.442146169e-02 1.959780448e+01 -2.902129177e-02 9.995647983e-01 5.289482632e-03 -1.029368670e+00 1.456908258e-02 -4.868163586e-03 9.998820144e-01 3.312278729e-02
9.995069437e-01 2.843999406e-02 -1.330549859e-02 1.975697838e+01 -2.836544062e-02 9.995810312e-01 5.758802044e-03 -1.033975009e+00 1.346370430e-02 -5.378546300e-03 9.998948944e-01 3.743675036e-02
9.995529251e-01 2.739386672e-02 -1.198023481e-02 1.991775638e+01 -2.732357031e-02 9.996086793e-01 5.992562740e-03 -1.042468837e+00 1.213970616e-02 -5.662540827e-03 9.999102776e-01 4.637318904e-02
9.995762155e-01 2.675249978e-02 -1.147576528e-02 2.007645536e+01 -2.668783140e-02 9.996272685e-01 5.751840527e-03 -1.055809006e+00 1.162536401e-02 -5.443139697e-03 9.999176082e-01 5.082922837e-02
9.995804925e-01 2.651216272e-02 -1.165951154e-02 2.022795034e+01 -2.645453083e-02 9.996371622e-01 5.069693416e-03 -1.067807469e+00 1.178968957e-02 -4.759119735e-03 9.999191737e-01 4.864593152e-02
9.995963979e-01 2.596183543e-02 -1.153362445e-02 2.037949637e+01 -2.590911771e-02 9.996532680e-01 4.696953921e-03 -1.075292332e+00 1.165156692e-02 -4.396232187e-03 9.999224541e-01 4.684112862e-02
9.996214310e-01 2.508456950e-02 -1.130305935e-02 2.053354951e+01 -2.503151901e-02 9.996750870e-01 4.810763004e-03 -1.082729925e+00 1.142006276e-02 -4.526009053e-03 9.999245459e-01 4.778324762e-02
9.996466845e-01 2.417600278e-02 -1.104658221e-02 2.068952851e+01 -2.412131254e-02 9.996962454e-01 5.057591354e-03 -1.092577127e+00 1.116549910e-02 -4.789346367e-03 9.999261942e-01 5.160026055e-02
9.996598979e-01 2.374231326e-02 -1.078847000e-02 2.084611663e+01 -2.368765967e-02 9.997060615e-01 5.165795416e-03 -1.100416635e+00 1.090794679e-02 -4.908484912e-03 9.999284592e-01 5.236641263e-02
9.996809701e-01 2.317684306e-02 -1.003952273e-02 2.099987464e+01 -2.312446821e-02 9.997185347e-01 5.301923134e-03 -1.102618605e+00 1.015957880e-02 -5.068073037e-03 9.999355467e-01 5.523632270e-02
9.997035749e-01 2.242692060e-02 -9.476055151e-03 2.115534163e+01 -2.237941790e-02 9.997365942e-01 5.089580174e-03 -1.107806602e+00 9.587702714e-03 -4.876002897e-03 9.999421486e-01 5.610088027e-02
9.997136972e-01 2.192085293e-02 -9.591651408e-03 2.130910160e+01 -2.187289226e-02 9.997478690e-01 5.076917052e-03 -1.117452426e+00 9.700523407e-03 -4.865666359e-03 9.999411108e-01 5.460668739e-02
9.997227632e-01 2.146568049e-02 -9.675806770e-03 2.146586871e+01 -2.141660454e-02 9.997573871e-01 5.147433484e-03 -1.124446568e+00 9.783952456e-03 -4.938783499e-03 9.999399395e-01 5.574305131e-02
9.997450674e-01 2.058502926e-02 -9.276683460e-03 2.162472618e+01 -2.053732267e-02 9.997755177e-01 5.208892167e-03 -1.132963916e+00 9.381826207e-03 -5.017046009e-03 9.999434037e-01 6.052994573e-02
9.997702498e-01 1.963211862e-02 -8.603924847e-03 2.178530066e+01 -1.959082110e-02 9.997962784e-01 4.858135680e-03 -1.145537579e+00 8.697547537e-03 -4.688461570e-03 9.999511843e-01 6.352760194e-02
9.997741572e-01 1.931475198e-02 -8.864255765e-03 2.194202119e+01 -1.927683551e-02 9.998047513e-01 4.343153657e-03 -1.155306271e+00 8.946411966e-03 -4.171297986e-03 9.999512798e-01 6.119172464e-02
9.997782284e-01 1.893577437e-02 -9.215768876e-03 2.210090273e+01 -1.889844132e-02 9.998129141e-01 4.121366638e-03 -1.161147951e+00 9.292086004e-03 -3.946288969e-03 9.999490407e-01 6.006297587e-02
9.997914306e-01 1.819624281e-02 -9.273191363e-03 2.225853643e+01 -1.815760310e-02 9.998261717e-01 4.234120835e-03 -1.162797481e+00 9.348624511e-03 -4.064858799e-03 9.999480387e-01 6.275192878e-02
9.998093050e-01 1.727620554e-02 -9.104190366e-03 2.241915370e+01 -1.723655439e-02 9.998416881e-01 4.415883565e-03 -1.164977427e+00 9.179038776e-03 -4.258116605e-03 9.999488055e-01 6.584728768e-02
9.998135728e-01 1.672452178e-02 -9.649351868e-03 2.257859850e+01 -1.668202881e-02 9.998508644e-01 4.467526151e-03 -1.168446680e+00 9.722630045e-03 -4.305722517e-03 9.999434640e-01 6.698615360e-02
9.998234652e-01 1.588716443e-02 -1.003177154e-02 2.273494915e+01 -1.584275458e-02 9.998644099e-01 4.490981591e-03 -1.181431978e+00 1.010176029e-02 -4.331257882e-03 9.999395955e-01 6.685856365e-02
9.998395379e-01 1.514571392e-02 -9.565862950e-03 2.289738677e+01 -1.510617142e-02 9.998771056e-01 4.192528205e-03 -1.195944934e+00 9.628186192e-03 -4.047351898e-03 9.999454570e-01 6.822376997e-02
9.998537503e-01 1.466811844e-02 -8.793426220e-03 2.306447709e+01 -1.463671266e-02 9.998863055e-01 3.625288616e-03 -1.207860558e+00 8.845602619e-03 -3.496051566e-03 9.999547654e-01 7.045115557e-02
9.998610791e-01 1.417258381e-02 -8.772702753e-03 2.322277893e+01 -1.414592478e-02 9.998951561e-01 3.093492323e-03 -1.212331917e+00 8.815625767e-03 -2.968964579e-03 9.999567341e-01 6.969308560e-02
9.998650169e-01 1.349912260e-02 -9.365979618e-03 2.337814519e+01 -1.347271457e-02 9.999051000e-01 2.876960165e-03 -1.212421100e+00 9.403927225e-03 -2.750386654e-03 9.999519996e-01 6.987313459e-02
9.998677436e-01 1.308428273e-02 -9.659025530e-03 2.353808280e+01 -1.305410390e-02 9.999097321e-01 3.180882208e-03 -1.217609789e+00 9.699773192e-03 -3.054371593e-03 9.999482913e-01 7.095369075e-02
9.998702916e-01 1.265456935e-02 -9.963021141e-03 2.370249096e+01 -1.262193938e-02 9.999147912e-01 3.331204338e-03 -1.221589227e+00 1.000432716e-02 -3.205019604e-03 9.999448191e-01 7.333190547e-02
9.998754543e-01 1.195167890e-02 -1.030694747e-02 2.386763354e+01 -1.191674289e-02 9.999230609e-01 3.444341329e-03 -1.224593453e+00 1.034732012e-02 -3.321087108e-03 9.999409499e-01 7.433631262e-02
9.998825685e-01 1.122468701e-02 -1.043339286e-02 2.403233725e+01 -1.119055151e-02 9.999318576e-01 3.324397780e-03 -1.229267284e+00 1.046999723e-02 -3.207251970e-03 9.999400445e-01 7.673198095e-02
9.998880787e-01 1.091529315e-02 -1.023164203e-02 2.419700733e+01 -1.088255380e-02 9.999355015e-01 3.250046926e-03 -1.240632534e+00 1.026645732e-02 -3.138336782e-03 9.999423737e-01 8.039515397e-02
9.998889006e-01 1.057729196e-02 -1.050272814e-02 2.435320754e+01 -1.054580088e-02 9.999397423e-01 3.049240717e-03 -1.249937370e+00 1.053434798e-02 -2.938142269e-03 9.999401956e-01 8.172045164e-02
9.998833901e-01 1.058510976e-02 -1.100734689e-02 2.451126295e+01 -1.055338920e-02 9.999400015e-01 2.935866688e-03 -1.255101761e+00 1.103776294e-02 -2.819359521e-03 9.999351074e-01 8.170944107e-02
9.998955566e-01 1.025259032e-02 -1.018628286e-02 2.467972298e+01 -1.022897696e-02 9.999448798e-01 2.367554375e-03 -1.262291811e+00 1.020999496e-02 -2.263111847e-03 9.999453157e-01 8.439589406e-02
9.999100454e-01 9.467420233e-03 -9.501002029e-03 2.485147453e+01 -9.452429948e-03 9.999540102e-01 1.621425805e-03 -1.270756634e+00 9.515915799e-03 -1.531472394e-03 9.999535499e-01 8.590631683e-02
9.999143696e-01 9.096349092e-03 -9.407968722e-03 2.501365329e+01 -9.084302221e-03 9.999578624e-01 1.322439092e-03 -1.276555908e+00 9.419601661e-03 -1.236861020e-03 9.999548696e-01 8.554917516e-02
9.999117266e-01 8.975880211e-03 -9.796559084e-03 2.517031183e+01 -8.961232777e-03 9.999586645e-01 1.538034980e-03 -1.278581649e+00 9.809959357e-03 -1.450109966e-03 9.999508297e-01 8.697499682e-02
9.999135632e-01 8.619209051e-03 -9.928508679e-03 2.532816759e+01 -8.600195882e-03 9.999611044e-01 1.956113764e-03 -1.280770240e+00 9.944982657e-03 -1.870557564e-03 9.999487979e-01 8.961250087e-02
9.999200333e-01 8.342110169e-03 -9.504538981e-03 2.549228087e+01 -8.323078532e-03 9.999632814e-01 2.040172149e-03 -1.280225516e+00 9.521209328e-03 -1.960901979e-03 9.999527496e-01 9.325598794e-02
9.999244421e-01 7.961049195e-03 -9.366528138e-03 2.566253544e+01 -7.942694750e-03 9.999664659e-01 1.995148239e-03 -1.285493019e+00 9.382097513e-03 -1.920602016e-03 9.999541427e-01 9.304822669e-02
9.999287133e-01 7.342173865e-03 -9.415986428e-03 2.582436643e+01 -7.325241505e-03 9.999714928e-01 1.831486023e-03 -1.290925362e+00 9.429165093e-03 -1.762381087e-03 9.999539914e-01 9.285642678e-02
9.999279830e-01 7.008923511e-03 -9.741857289e-03 2.598685535e+01 -6.992462671e-03 9.999740685e-01 1.722737669e-03 -1.298201426e+00 9.753679204e-03 -1.654494029e-03 9.999510630e-01 9.344104978e-02
9.999314458e-01 6.681665810e-03 -9.615561945e-03 2.615231391e+01 -6.668804035e-03 9.999768261e-01 1.369042159e-03 -1.306939144e+00 9.624486597e-03 -1.304824007e-03 9.999528322e-01 9.521074778e-02
9.999353435e-01 6.398855687e-03 -9.400180274e-03 2.631771492e+01 -6.389269440e-03 9.999790377e-01 1.049471292e-03 -1.313825703e+00 9.406698640e-03 -9.893431526e-04 9.999552666e-01 9.739240762e-02
9.999377409e-01 6.338757403e-03 -9.183380808e-03 2.648140585e+01 -6.330837064e-03 9.999795629e-01 8.912780744e-04 -1.316296313e+00 9.188842722e-03 -8.330840966e-04 9.999574347e-01 9.776534037e-02
9.999436622e-01 5.888559632e-03 -8.831609399e-03 2.664484838e+01 -5.883146338e-03 9.999824901e-01 6.387997252e-04 -1.318355118e+00 8.835216369e-03 -5.868060861e-04 9.999607965e-01 9.925934986e-02
9.999484677e-01 5.348557032e-03 -8.628728928e-03 2.681027059e+01 -5.345595284e-03 9.999856451e-01 3.662696263e-04 -1.322453363e+00 8.630564077e-03 -3.201250589e-04 9.999627047e-01 9.890099324e-02
9.999494745e-01 5.188010357e-03 -8.610052057e-03 2.697369075e+01 -5.186992010e-03 9.999865376e-01 1.406006818e-04 -1.328034481e+00 8.610665583e-03 -9.593330666e-05 9.999629229e-01 9.906484694e-02
9.999510740e-01 4.618739094e-03 -8.747388188e-03 2.713532377e+01 -4.620131434e-03 9.999893175e-01 -1.389713308e-04 -1.338278341e+00 8.746652871e-03 1.793786146e-04 9.999617312e-01 1.034744022e-01
9.999494986e-01 4.437596891e-03 -9.017099068e-03 2.730388068e+01 -4.439851068e-03 9.999901174e-01 -2.299867255e-04 -1.345826060e+00 9.015989367e-03 2.700096878e-04 9.999593187e-01 1.057890619e-01
9.999438676e-01 4.137985366e-03 -9.753910089e-03 2.747291439e+01 -4.142567119e-03 9.999913185e-01 -4.495782151e-04 -1.353653990e+00 9.751965062e-03 4.899592064e-04 9.999523284e-01 1.060933296e-01
9.999400527e-01 3.172395018e-03 -1.047983135e-02 2.762079699e+01 -3.178154631e-03 9.999948076e-01 -5.329822593e-04 -1.355202769e+00 1.047808610e-02 5.662568330e-04 9.999449430e-01 1.045707853e-01
