1619.246812 0.000000 0.000000 0.000000 0.000000000 0.000000000 0.000000000 1.000000000
1619.346785 0.000008 0.001309 -0.000399 0.000026354 -0.000005888 0.000103576 0.999999994
1619.446762 0.000749 -0.000046 -0.000870 0.000037931 -0.000007899 0.000245456 0.999999969
1619.546777 0.001790 0.001312 -0.000610 0.000041131 0.000000038 -0.000000913 0.999999999
1619.646791 0.002274 -0.000161 -0.000292 0.000024971 0.000001675 0.000104460 0.999999994
1619.746799 0.001218 -0.004262 -0.000251 0.000008974 -0.000005122 0.000279425 0.999999961
1619.846811 0.001346 0.002210 -0.000282 0.000015004 -0.000007395 -0.000156634 0.999999988
1619.946804 0.000387 0.001744 -0.000476 0.000026878 -0.000004931 0.000102625 0.999999994
1620.046816 0.001421 0.004180 -0.000487 0.000032900 0.000000539 -0.000102442 0.999999994
1620.146810 0.002147 0.000680 -0.000445 0.000025813 0.000001287 0.000094371 0.999999995
1620.246841 0.002058 -0.004064 -0.000382 0.000017905 -0.000003603 0.000243429 0.999999970
1620.346860 0.001514 0.003011 -0.000302 0.000021094 -0.000005973 -0.000235446 0.999999972
1620.446842 -0.001374 0.003015 -0.000389 0.000022110 -0.000005298 0.000056604 0.999999998
1620.546767 0.002953 -0.001400 -0.000501 0.000026376 -0.000001807 0.000232194 0.999999973
1620.646742 0.001781 -0.001245 -0.000486 0.000027096 -0.000003109 0.000062221 0.999999998
1620.746715 -0.001607 0.000245 -0.000385 0.000024008 -0.000005651 0.000127479 0.999999992
1620.846692 -0.001012 0.000522 -0.000374 0.000021058 -0.000004207 0.000240632 0.999999971
1620.946704 0.002573 0.002712 -0.000374 0.000024802 -0.000001265 -0.000101472 0.999999995
1621.046721 0.002795 0.000790 -0.000427 0.000027609 -0.000000971 0.000035954 0.999999999
1621.146756 0.003176 -0.002512 -0.000392 0.000025152 -0.000001278 0.000157203 0.999999987
1621.246796 0.003942 -0.001018 -0.000394 0.000025191 -0.000000985 0.000180447 0.999999983
1621.346845 0.000760 0.005572 -0.000482 0.000025943 -0.000003105 0.000055679 0.999999998
1621.446875 -0.001592 -0.001495 -0.000471 0.000021081 -0.000004479 0.000186655 0.999999982
1621.546906 -0.001502 -0.005570 -0.000371 0.000016016 -0.000004081 0.000174316 0.999999985
1621.646936 0.000260 -0.004286 -0.000305 0.000016357 -0.000003747 0.000266670 0.999999964
1621.746911 0.002680 0.002238 -0.000398 0.000023617 -0.000003150 0.000018552 1.000000000
1621.846886 0.001109 0.004735 -0.000506 0.000027279 -0.000002105 -0.000333161 0.999999944
1621.946852 -0.003566 0.002002 -0.000480 0.000024385 -0.000005554 -0.000099622 0.999999995
1622.046782 0.003050 -0.001956 -0.000360 0.000020579 -0.000003285 0.000212628 0.999999977
1622.146745 0.001944 -0.000953 -0.000333 0.000021001 -0.000005388 0.000274962 0.999999962
1622.246718 0.000539 -0.000273 -0.000416 0.000021990 -0.000006555 0.000424831 0.999999909
1622.346705 0.000862 0.000025 -0.000467 0.000024233 -0.000003821 0.000448543 0.999999899
1622.446722 0.002909 0.002229 -0.000451 0.000029484 0.000000126 0.000013790 0.999999999
1622.546743 0.002702 0.002351 -0.000468 0.000027211 0.000000024 -0.000124025 0.999999992
1622.646766 0.002554 -0.000472 -0.000485 0.000024380 -0.000002323 0.000100101 0.999999995
1622.746774 0.001957 -0.003688 -0.000403 0.000018690 -0.000004866 0.000363178 0.999999934
1622.846749 0.001809 0.000796 -0.000324 0.000023124 -0.000004595 0.000041133 0.999999999
1622.946761 0.000710 0.004118 -0.000270 0.000026374 -0.000001713 -0.000450424 0.999999898
1623.046755 -0.000656 0.000647 -0.000405 0.000024582 -0.000001901 0.000144846 0.999999989
1623.146781 0.001265 0.003560 -0.000466 0.000028148 -0.000005044 0.000237336 0.999999971
1623.246812 0.002146 0.006089 -0.000460 0.000027728 -0.000005403 0.000042602 0.999999999
1623.346846 0.000865 0.005977 -0.000393 0.000025655 -0.000004528 -0.000068709 0.999999997
1623.446858 0.001651 0.003475 -0.000387 0.000024278 -0.000001151 -0.000212790 0.999999977
1623.546852 0.002133 -0.001555 -0.000443 0.000023425 -0.000001270 0.000162756 0.999999986
1623.646827 0.001538 -0.000383 -0.000419 0.000024621 -0.000003418 0.000066193 0.999999998
1623.746747 0.002049 -0.002066 -0.000425 0.000022157 -0.000003648 0.000095074 0.999999995
1623.846700 -0.001053 -0.001312 -0.000397 0.000023375 -0.000005883 0.000155632 0.999999988
1623.946643 -0.001865 0.002144 -0.000419 0.000021251 -0.000003260 -0.000098768 0.999999995
1624.046641 0.000960 0.001533 -0.000464 0.000022328 -0.000001367 -0.000091675 0.999999996
1624.146684 0.004380 -0.001014 -0.000440 0.000023486 0.000000434 0.000109570 0.999999994
1624.246734 0.003287 0.002953 -0.000385 0.000028268 -0.000002214 0.000182228 0.999999983
1624.346762 -0.002118 -0.001057 -0.000409 0.000021024 -0.000007116 0.000296164 0.999999956
1624.446740 -0.001606 -0.001146 -0.000481 0.000021097 -0.000006326 0.000204475 0.999999979
1624.546715 0.000328 0.000701 -0.000497 0.000023708 -0.000004408 0.000073284 0.999999997
1624.646686 0.000119 0.000683 -0.000443 0.000025820 -0.000004547 0.000220957 0.999999975
1624.746666 0.002515 -0.000371 -0.000412 0.000023030 -0.000001983 0.000228265 0.999999974
1624.846685 0.000261 -0.004812 -0.000310 0.000019071 -0.000004670 0.000354482 0.999999937
1624.946697 0.001227 -0.001328 -0.000444 0.000021633 -0.000004127 0.000142867 0.999999990
1625.046701 0.003148 0.000404 -0.000528 0.000027855 -0.000004470 0.000223060 0.999999975
1625.146732 0.011313 -0.002467 -0.000486 0.000026303 -0.000004833 0.000338867 0.999999942
1625.246762 0.022336 -0.003632 -0.000387 0.000018477 -0.000000226 0.000366312 0.999999933
1625.346779 0.037841 -0.003658 -0.000324 0.000018831 0.000003600 0.000138661 0.999999990
1625.446812 0.059466 -0.002340 -0.000413 0.000025529 0.000006814 0.000130706 0.999999991
1625.546836 0.085035 -0.001798 -0.000612 0.000029046 0.000005886 0.000174522 0.999999984
1625.646876 0.107286 -0.002257 -0.000598 0.000036172 -0.000010096 0.000102039 0.999999994
1625.746911 0.133372 -0.003127 -0.000617 0.000040910 -0.000029745 0.000087763 0.999999995
1625.846931 0.170209 -0.003915 -0.000644 0.000036223 -0.000022599 0.000057304 0.999999997
1625.946920 0.210259 -0.004349 -0.000466 0.000028979 -0.000016546 0.000031099 0.999999999
1626.046896 0.253601 -0.006075 0.000044 0.000030213 -0.000018507 -0.000052070 0.999999998
1626.146894 0.303076 -0.007356 0.000264 0.000032200 -0.000034324 -0.000097996 0.999999994
1626.246886 0.351977 -0.010045 0.000086 0.000033879 -0.000044789 -0.000206044 0.999999977
1626.346872 0.409979 -0.010295 -0.000012 0.000042156 -0.000077672 -0.000452024 0.999999894
1626.446825 0.467041 -0.010908 0.000014 0.000027889 -0.000103659 -0.000701570 0.999999748
1626.546772 0.532387 -0.014019 0.000024 0.000014385 -0.000115048 -0.000917028 0.999999573
1626.646691 0.598141 -0.015291 0.000185 0.000027151 -0.000119663 -0.001053082 0.999999438
1626.746662 0.671543 -0.019570 0.000265 0.000044548 -0.000129234 -0.001377010 0.999999043
1626.846638 0.746641 -0.023101 0.000278 0.000072470 -0.000113896 -0.001574997 0.999998751
1626.946617 0.826754 -0.025619 0.000326 0.000069832 -0.000125620 -0.001826193 0.999998322
1627.046630 0.909551 -0.028921 0.000326 0.000060454 -0.000130406 -0.002083124 0.999997820
1627.146623 0.997376 -0.031080 0.000653 0.000058936 -0.000155853 -0.002393373 0.999997122
1627.246640 1.089206 -0.034446 0.000767 0.000072815 -0.000175328 -0.002793705 0.999996080
1627.346629 1.186145 -0.039003 0.001645 0.000079623 -0.000174829 -0.003035377 0.999995375
1627.446654 1.291249 -0.043479 0.001951 0.000061347 -0.000094817 -0.003352544 0.999994374
1627.546690 1.393516 -0.046528 0.002148 0.000043451 -0.000087152 -0.003565946 0.999993637
1627.646757 1.500677 -0.049674 0.002645 0.000045679 -0.000107113 -0.003910571 0.999992347
1627.746845 1.607633 -0.055143 0.002887 0.000063578 -0.000119888 -0.004222856 0.999991074
1627.846892 1.717858 -0.059522 0.002724 0.000088141 -0.000128419 -0.004610409 0.999989360
1627.946964 1.827708 -0.065065 0.002576 0.000080539 -0.000140570 -0.004901199 0.999987976
1628.046979 1.942217 -0.069625 0.002375 0.000081633 -0.000181605 -0.005229442 0.999986307
1628.146984 2.065324 -0.075569 0.002061 0.000090146 -0.000236653 -0.005611838 0.999984221
1628.246958 2.188752 -0.080834 0.002209 0.000096706 -0.000291858 -0.005866433 0.999982745
1628.346959 2.314474 -0.088241 0.002143 0.000119235 -0.000311730 -0.006114928 0.999981248
1628.446953 2.440080 -0.093166 0.001748 0.000126406 -0.000306648 -0.006331651 0.999979900
1628.546935 2.569525 -0.096530 0.001994 0.000118498 -0.000329567 -0.006446677 0.999979159
1628.646915 2.697785 -0.100564 0.001911 0.000095305 -0.000394831 -0.006458924 0.999979058
1628.746888 2.831520 -0.106303 0.001011 0.000059204 -0.000405472 -0.006635127 0.999977903
1628.846852 2.968987 -0.112066 0.000807 0.000033534 -0.000465552 -0.006974197 0.999975571
1628.946786 3.106142 -0.117912 0.002446 -0.000001384 -0.000507110 -0.007173160 0.999974144
1629.046731 3.248728 -0.125415 0.003573 -0.000030758 -0.000602960 -0.007337321 0.999972899
1629.146680 3.389463 -0.131752 0.003817 -0.000046658 -0.000735825 -0.007503686 0.999971575
1629.246655 3.531107 -0.138152 0.003867 -0.000025205 -0.000825995 -0.007865706 0.999968723
1629.346651 3.675225 -0.139885 0.004291 -0.000027738 -0.000921854 -0.008263296 0.999965433
1629.446645 3.823067 -0.141070 0.005957 -0.000109108 -0.000934773 -0.008604317 0.999962539
1629.546667 3.968133 -0.144642 0.006872 -0.000142201 -0.001021289 -0.008713027 0.999961509
1629.646695 4.117608 -0.154250 0.007361 -0.000104726 -0.001103278 -0.008880062 0.999959957
1629.746735 4.265050 -0.164248 0.005980 -0.000021288 -0.001274172 -0.009050244 0.999958234
1629.846761 4.413942 -0.172849 0.005243 0.000020857 -0.001374098 -0.009422330 0.999954665
1629.946786 4.563387 -0.177453 0.005269 0.000022548 -0.001529981 -0.009734224 0.999951451
1630.046830 4.714940 -0.184054 0.005174 0.000031302 -0.001712822 -0.009940555 0.999949124
1630.146854 4.868322 -0.189864 0.003714 0.000088451 -0.001812548 -0.010113169 0.999947214
1630.246871 5.024495 -0.199641 0.002617 0.000124489 -0.001804123 -0.010347306 0.999944830
1630.346881 5.176436 -0.206588 0.003451 0.000130512 -0.001783077 -0.010563013 0.999942612
1630.446856 5.333137 -0.215137 0.002724 0.000013356 -0.001855477 -0.010863520 0.999939269
1630.546831 5.489543 -0.222247 0.003076 -0.000017883 -0.002036893 -0.011080706 0.999936532
1630.646751 5.644193 -0.228881 0.004818 -0.000048233 -0.002091613 -0.011269335 0.999934310
1630.746757 5.800109 -0.236093 0.006599 -0.000001284 -0.002002311 -0.011502955 0.999931834
1630.846731 5.957365 -0.246497 0.005125 0.000009278 -0.001918963 -0.011774441 0.999928837
1630.946716 6.117113 -0.255055 0.003541 -0.000005453 -0.001795641 -0.012144540 0.999924640
1631.046684 6.274544 -0.259607 0.005040 -0.000102105 -0.001569751 -0.012397962 0.999921905
1631.146671 6.438810 -0.257027 0.005099 -0.000324843 -0.001155888 -0.012609414 0.999919777
1631.246658 6.601321 -0.264065 0.005453 -0.000396539 -0.000922743 -0.012637221 0.999919643
1631.346670 6.763258 -0.275522 0.005020 -0.000349966 -0.000889577 -0.012811612 0.999917471
1631.446664 6.924774 -0.289270 0.004528 -0.000222197 -0.000840599 -0.013166090 0.999912945
1631.546694 7.084389 -0.303076 0.002613 -0.000169702 -0.000629494 -0.013535658 0.999908176
1631.646763 7.243165 -0.311414 0.001421 -0.000138800 -0.000503317 -0.013843140 0.999904043
1631.746810 7.401759 -0.317384 0.000057 -0.000174267 -0.000465413 -0.014071508 0.999900868
1631.846880 7.558886 -0.323860 0.001310 -0.000212299 -0.000551915 -0.014344653 0.999896935
1631.946913 7.720925 -0.331458 0.003892 -0.000353824 -0.000545273 -0.014519330 0.999894378
1632.046902 7.887761 -0.342903 0.002967 -0.000416506 -0.000419144 -0.014671873 0.999892188
1632.146914 8.049683 -0.353603 0.000424 -0.000362104 -0.000348360 -0.015010910 0.999887204
1632.246852 8.208911 -0.361230 -0.000562 -0.000226891 -0.000195527 -0.015376425 0.999881731
1632.346818 8.371110 -0.366523 0.000785 -0.000294598 -0.000182974 -0.015382579 0.999881621
1632.446797 8.535426 -0.375070 0.002260 -0.000365122 -0.000225129 -0.015435771 0.999880769
1632.546775 8.698363 -0.384354 0.002993 -0.000429384 -0.000271893 -0.015706978 0.999876509
1632.646734 8.859048 -0.394925 0.001989 -0.000433750 -0.000240545 -0.015790653 0.999875197
1632.746705 9.022195 -0.403333 0.000952 -0.000438338 -0.000272627 -0.015980527 0.999872170
1632.846685 9.183668 -0.409484 -0.000367 -0.000537573 -0.000479178 -0.016317141 0.999866607
1632.946674 9.348601 -0.415097 -0.001760 -0.000719676 -0.000575504 -0.016533684 0.999862885
1633.046684 9.517088 -0.427405 -0.003877 -0.000745029 -0.000519228 -0.016486325 0.999863679
1633.146685 9.684582 -0.444867 -0.006334 -0.000665515 -0.000355742 -0.016503932 0.999863516
1633.246715 9.849935 -0.453619 -0.008273 -0.000663748 -0.000260543 -0.016894883 0.999857017
1633.346713 10.016317 -0.457097 -0.006160 -0.000865749 0.000017336 -0.017134200 0.999852824
1633.446711 10.185673 -0.461196 -0.002909 -0.001041977 0.000043480 -0.016898732 0.999856662
1633.546723 10.352951 -0.464268 -0.002714 -0.001284311 0.000078544 -0.016959697 0.999855346
1633.646726 10.515100 -0.475867 -0.002304 -0.001348966 0.000043319 -0.017277842 0.999849816
1633.746757 10.678624 -0.490960 -0.003848 -0.001298049 -0.000123159 -0.017293582 0.999849605
1633.846780 10.851435 -0.505247 -0.005754 -0.001265241 -0.000155998 -0.017418284 0.999847477
1633.946763 11.023250 -0.516827 -0.005755 -0.001204640 -0.000053325 -0.017665312 0.999843229
1634.046720 11.190036 -0.528488 -0.004688 -0.001277844 0.000015165 -0.017584983 0.999844556
1634.146678 11.352845 -0.537631 -0.005479 -0.001378569 0.000027279 -0.017653495 0.999843214
1634.246630 11.517963 -0.544826 -0.005555 -0.001371565 0.000071422 -0.018037495 0.999836368
1634.346640 11.683503 -0.553215 -0.006873 -0.001361970 0.000123128 -0.018220710 0.999833054
1634.446638 11.852983 -0.565829 -0.006878 -0.001350344 0.000045197 -0.018135170 0.999834631
1634.546697 12.022689 -0.578875 -0.009102 -0.001415541 -0.000203378 -0.018230148 0.999832794
1634.646700 12.189926 -0.586776 -0.009888 -0.001399177 -0.000440885 -0.018443690 0.999828824
1634.746719 12.353986 -0.596462 -0.009759 -0.001458510 -0.000573327 -0.018481007 0.999827983
1634.846703 12.523520 -0.607636 -0.009746 -0.001545851 -0.000667265 -0.018589351 0.999825785
1634.946719 12.693677 -0.613142 -0.011076 -0.001583583 -0.001005066 -0.018737839 0.999822672
1635.046704 12.859258 -0.623348 -0.011650 -0.001598001 -0.001349898 -0.018955127 0.999818147
1635.146684 13.025429 -0.636942 -0.009942 -0.001622461 -0.001502423 -0.018985792 0.999817308
1635.246700 13.192829 -0.646625 -0.008567 -0.001715072 -0.001768943 -0.019196094 0.999812702
1635.346692 13.357309 -0.657152 -0.007976 -0.001769477 -0.001982459 -0.019378172 0.999808694
1635.446722 13.524732 -0.672137 -0.008013 -0.001679515 -0.002114528 -0.019345581 0.999809210
1635.546735 13.695713 -0.687555 -0.010394 -0.001597005 -0.002299386 -0.019425145 0.999807395
1635.646728 13.862979 -0.700241 -0.012570 -0.001531310 -0.002546990 -0.019555497 0.999804356
1635.746734 14.023785 -0.708424 -0.013369 -0.001501070 -0.003010444 -0.019777955 0.999798738
1635.846720 14.187770 -0.719772 -0.012276 -0.001538502 -0.003330824 -0.019841285 0.999796410
1635.946709 14.357232 -0.731377 -0.009134 -0.001555307 -0.003523907 -0.019753058 0.999797469
1636.046684 14.524126 -0.745444 -0.007562 -0.001539165 -0.003571233 -0.019617448 0.999799997
1636.146696 14.691481 -0.759201 -0.007234 -0.001552948 -0.003517885 -0.019401215 0.999804384
1636.246679 14.858006 -0.768778 -0.007981 -0.001574819 -0.003483178 -0.019186233 0.999808620
1636.346663 15.025723 -0.775270 -0.009599 -0.001619105 -0.003562681 -0.019058470 0.999810712
1636.446641 15.185859 -0.782379 -0.009195 -0.001637033 -0.003894648 -0.018969404 0.999811139
1636.546615 15.348097 -0.792253 -0.006989 -0.001701885 -0.004163276 -0.018877710 0.999811684
1636.646646 15.512145 -0.803075 -0.004727 -0.001773631 -0.004241899 -0.018608793 0.999816270
1636.746699 15.672627 -0.814769 -0.002783 -0.001759840 -0.004396269 -0.018478034 0.999818052
1636.846760 15.835350 -0.824635 -0.001616 -0.001708739 -0.004411898 -0.018321192 0.999820959
1636.946823 16.000818 -0.831270 -0.002003 -0.001729796 -0.004534593 -0.018018600 0.999825873
1637.046876 16.162187 -0.840726 -0.000808 -0.001781611 -0.004765620 -0.017728718 0.999829889
1637.146909 16.321827 -0.848801 0.001222 -0.001838493 -0.005120426 -0.017529371 0.999831547
1637.246908 16.481264 -0.858063 0.002606 -0.001904893 -0.005411074 -0.017443621 0.999831392
1637.346913 16.641258 -0.869338 0.002701 -0.001984791 -0.005586268 -0.017265061 0.999833372
1637.446887 16.798720 -0.876441 0.004347 -0.002070341 -0.005748064 -0.017109748 0.999834951
1637.546863 16.956829 -0.883937 0.008829 -0.002123263 -0.005911262 -0.017005110 0.999835674
1637.646863 17.112480 -0.892657 0.011918 -0.002185176 -0.006331112 -0.017042541 0.999832333
1637.746857 17.264357 -0.904800 0.013237 -0.002163946 -0.006798614 -0.016957403 0.999830757
1637.846844 17.419706 -0.916076 0.012254 -0.002108581 -0.007289622 -0.016816650 0.999829793
1637.946875 17.571299 -0.920994 0.011721 -0.002088999 -0.007468899 -0.016677147 0.999830848
1638.046887 17.724820 -0.927293 0.013841 -0.002160616 -0.007525862 -0.016404990 0.999834771
1638.146878 17.880495 -0.935673 0.017281 -0.002236748 -0.007392917 -0.016321182 0.999836967
1638.246897 18.039275 -0.949112 0.018586 -0.002246066 -0.007490214 -0.016256497 0.999837276
1638.346876 18.195300 -0.957438 0.019060 -0.002273835 -0.007669998 -0.016223776 0.999836382
1638.446852 18.350827 -0.966425 0.020495 -0.002243545 -0.007857130 -0.015904815 0.999840122
1638.546808 18.508598 -0.971958 0.022291 -0.002264002 -0.007851171 -0.015756331 0.999842473
1638.646759 18.663035 -0.979220 0.024722 -0.002283521 -0.007824117 -0.015699864 0.999843529
1638.746718 18.817545 -0.988829 0.025044 -0.002390836 -0.007859608 -0.015575977 0.999844938
1638.846686 18.971858 -0.996447 0.026267 -0.002395946 -0.007982129 -0.015415555 0.999846441
1638.946680 19.128945 -1.004182 0.029780 -0.002415946 -0.007813658 -0.015175182 0.999851401
1639.046660 19.290371 -1.013204 0.032131 -0.002420328 -0.007621742 -0.014949740 0.999856268
1639.146689 19.446475 -1.024033 0.033261 -0.002430178 -0.007444635 -0.014775438 0.999860169
1639.246718 19.597804 -1.029369 0.033123 -0.002539755 -0.007248615 -0.014531018 0.999864919
1639.346748 19.756978 -1.033975 0.037437 -0.002784691 -0.006693152 -0.014203165 0.999872851
1639.446779 19.917756 -1.042469 0.046373 -0.002914114 -0.006030685 -0.013680947 0.999883979
1639.546812 20.076455 -1.055809 0.050829 -0.002799053 -0.005775917 -0.013361551 0.999890130
1639.646836 20.227950 -1.067807 0.048646 -0.002457468 -0.005862933 -0.013243102 0.999892098
1639.746818 20.379496 -1.075292 0.046841 -0.002273532 -0.005796898 -0.012969080 0.999896510
1639.846793 20.533550 -1.082730 0.047783 -0.002334420 -0.005681334 -0.012530242 0.999902628
1639.946819 20.689529 -1.092577 0.051600 -0.002461959 -0.005553528 -0.012075432 0.999908636
1640.046842 20.846117 -1.100417 0.052366 -0.002518792 -0.005424583 -0.011858539 0.999911798
1640.146829 20.999875 -1.102619 0.055236 -0.002592715 -0.005050195 -0.011576290 0.999916878
1640.246834 21.155342 -1.107807 0.056101 -0.002491588 -0.004766307 -0.011202450 0.999922787
1640.346828 21.309102 -1.117452 0.054607 -0.002485831 -0.004823404 -0.010949254 0.999925332
1640.446792 21.465869 -1.124447 0.055743 -0.002521737 -0.004865292 -0.010721348 0.999927509
1640.546769 21.624726 -1.132964 0.060530 -0.002556656 -0.004664940 -0.010281277 0.999932996
1640.646759 21.785301 -1.145538 0.063528 -0.002386793 -0.004325629 -0.009806326 0.999939712
1640.746758 21.942021 -1.155306 0.061192 -0.002128738 -0.004452928 -0.009648464 0.999941272
1640.846750 22.100903 -1.161148 0.060063 -0.002017030 -0.004627230 -0.009459098 0.999942521
1640.946741 22.258536 -1.162797 0.062752 -0.002074858 -0.004655707 -0.009088955 0.999945704
1641.046756 22.419154 -1.164977 0.065847 -0.002168609 -0.004571036 -0.008628622 0.999949974
1641.146745 22.578599 -1.168447 0.066986 -0.002193420 -0.004843233 -0.008352047 0.999950986
1641.246752 22.734949 -1.181432 0.066859 -0.002205663 -0.005033617 -0.007932849 0.999953433
1641.346725 22.897387 -1.195945 0.068224 -0.002060057 -0.004798715 -0.007563291 0.999957762
1641.446671 23.064477 -1.207861 0.070451 -0.001780403 -0.004409925 -0.007326487 0.999961852
1641.546622 23.222779 -1.212332 0.069693 -0.001515669 -0.004397240 -0.007079881 0.999964121
1641.646620 23.378145 -1.212421 0.069873 -0.001406886 -0.004692640 -0.006743194 0.999965264
1641.746649 23.538083 -1.217610 0.070954 -0.001558867 -0.004839866 -0.006534821 0.999965720
1641.846663 23.702491 -1.221589 0.073332 -0.001634111 -0.004992006 -0.006319341 0.999966237
1641.946698 23.867634 -1.224593 0.074336 -0.001691412 -0.005163735 -0.005967300 0.999967433
1642.046741 24.032337 -1.229267 0.076732 -0.001632963 -0.005226008 -0.005603982 0.999969308
1642.146776 24.197007 -1.240633 0.080395 -0.001597143 -0.005124675 -0.005449621 0.999970744
1642.246804 24.353208 -1.249937 0.081720 -0.001496889 -0.005259421 -0.005280926 0.999971104
1642.346782 24.511263 -1.255102 0.081709 -0.001438850 -0.005511444 -0.005284784 0.999969812
1642.446779 24.679723 -1.262292 0.084396 -0.001157698 -0.005099206 -0.005120529 0.999973219
1642.546759 24.851475 -1.270757 0.085906 -0.000788243 -0.004754338 -0.004730070 0.999977200
1642.646741 25.013653 -1.276556 0.085549 -0.000639839 -0.004706994 -0.004545261 0.999978387
1642.746724 25.170312 -1.278582 0.086975 -0.000747053 -0.004901739 -0.004484378 0.999977652
1642.846713 25.328168 -1.280770 0.089613 -0.000956689 -0.004968482 -0.004304946 0.999977933
1642.946720 25.492281 -1.280226 0.093256 -0.001000289 -0.004756535 -0.004166383 0.999979508
1643.046719 25.662535 -1.285493 0.093048 -0.000978957 -0.004687247 -0.003976013 0.999980631
1643.146717 25.824366 -1.290925 0.092856 -0.000898483 -0.004711374 -0.003666921 0.999981775
1643.246703 25.986855 -1.298201 0.093441 -0.000844323 -0.004873974 -0.003500411 0.999981639
1643.346697 26.152314 -1.306939 0.095211 -0.000668478 -0.004810096 -0.003337675 0.999982638
1643.446674 26.317715 -1.313826 0.097392 -0.000509712 -0.004701796 -0.003197083 0.999983706
1643.546705 26.481406 -1.316296 0.097765 -0.000431097 -0.004593128 -0.003167448 0.999984342
1643.646722 26.644848 -1.318355 0.099259 -0.000306406 -0.004416769 -0.002942968 0.999985869
1643.746732 26.810271 -1.322453 0.098901 -0.000171601 -0.004314879 -0.002673573 0.999987102
1643.846739 26.973691 -1.328034 0.099065 -0.000059134 -0.004305234 -0.002593783 0.999987367
1643.946747 27.135324 -1.338278 0.103474 0.000079588 -0.004373564 -0.002309746 0.999987765
1644.046748 27.303881 -1.345826 0.105789 0.000125001 -0.004508329 -0.002219390 0.999987367
1644.146777 27.472914 -1.353654 0.106093 0.000234888 -0.004876537 -0.002070167 0.999985939
1644.230606 27.620797 -1.355203 0.104571 0.000274814 -0.005239558 -0.001587661 0.999984975
