1388.189615 0.000000 0.000000 0.000000 0.000000000 0.000000000 0.000000000 1.000000000
1388.289471 0.005913 0.119075 0.022230 0.000121160 0.000475181 0.003652332 0.999993210
1388.389432 0.043965 0.286085 0.027438 0.000059404 0.000635611 0.006897566 0.999976008
1388.489599 0.100788 0.489850 0.028222 0.000002494 0.000184095 0.004914945 0.999987905
1388.589558 0.071586 0.609236 0.033797 0.000016863 0.000005419 0.004157023 0.999991359
1388.689439 0.097198 0.790084 0.040682 0.000063015 0.000164705 0.005498542 0.999984867
1388.789413 0.113643 0.962014 0.048116 -0.000066382 0.000290680 0.007576328 0.999971255
1388.889488 0.135350 1.099839 0.059724 -0.000004049 0.000152249 0.007908845 0.999968713
1388.989567 0.148809 1.264726 0.067028 0.000012575 0.000022735 0.007760023 0.999969890
1389.089611 0.146955 1.434691 0.072823 0.000037642 -0.000097631 0.005918937 0.999982477
1389.189510 0.155276 1.601468 0.081478 -0.000125542 -0.000133957 0.008649381 0.999962577
1389.289566 0.174657 1.766593 0.097290 -0.000152586 -0.000430536 0.008792777 0.999961238
1389.389696 0.187369 1.919009 0.105201 0.000027962 -0.000575403 0.007038856 0.999975061
1389.489665 0.192193 2.093941 0.109561 0.000191073 -0.000723857 0.004030696 0.999991596
1389.589574 0.213542 2.228782 0.120966 0.000322089 -0.000741145 0.004608666 0.999989054
1389.689467 0.214877 2.404972 0.127417 0.000369453 -0.000763726 0.005489315 0.999984574
1389.789440 0.218922 2.580294 0.133984 0.000340160 -0.000825810 0.004057134 0.999991371
1389.889413 0.236890 2.731849 0.138506 0.000463318 -0.000823795 0.004157670 0.999990910
1389.989381 0.251819 2.895355 0.140498 0.000611261 -0.000736935 0.004627868 0.999988833
1390.089313 0.266074 3.071366 0.142988 0.000610405 -0.000790305 0.004919406 0.999987401
1390.189392 0.304636 3.234035 0.159139 0.000619111 -0.001146002 0.003631846 0.999992557
1390.289314 0.292710 3.395344 0.169260 0.000923265 -0.001136264 0.004161286 0.999990270
1390.389166 0.296352 3.568662 0.166509 0.001009598 -0.000898489 0.004248666 0.999990061
1390.489128 0.329843 3.730562 0.175459 0.000737519 -0.000789571 0.007514390 0.999971183
1390.589188 0.350198 3.914221 0.187550 0.000717555 -0.000917189 0.007371307 0.999972153
1390.689251 0.358345 4.049269 0.191494 0.000971469 -0.001068075 0.008604791 0.999961936
1390.789333 0.376976 4.224422 0.187096 0.001079190 -0.001100080 0.008138576 0.999965694
1390.889391 0.385977 4.402398 0.199017 0.001019941 -0.001178856 0.008703698 0.999960907
1390.989366 0.388739 4.550372 0.204861 0.001028690 -0.001048708 0.010628575 0.999942436
1391.089397 0.405691 4.712731 0.223638 0.001134072 -0.000746001 0.012577530 0.999919978
1391.189470 0.423802 4.877416 0.223852 0.001066640 -0.000622500 0.012838513 0.999916820
1391.289561 0.444025 5.051910 0.234352 0.001018880 -0.000704181 0.014341510 0.999896388
1391.389621 0.446847 5.214952 0.237455 0.000987908 -0.000798126 0.013928807 0.999902183
1391.489629 0.462964 5.368994 0.244027 0.001023846 -0.000853170 0.015506602 0.999878877
1391.589634 0.473157 5.532321 0.251734 0.001009193 -0.000799288 0.015341390 0.999881485
1391.689566 0.480592 5.706666 0.257858 0.000878246 -0.000792371 0.016594073 0.999861609
1391.789649 0.510128 5.886717 0.261567 0.000792913 -0.000845879 0.016899354 0.999856524
1391.889586 0.482212 6.053172 0.275215 0.000860697 -0.001229163 0.014222441 0.999897730
1391.989373 0.504127 6.217299 0.278891 0.001127191 -0.000725092 0.016851090 0.999857112
1392.089314 0.536134 6.371569 0.288221 0.000855136 -0.000422773 0.020558338 0.999788200
1392.189453 0.544991 6.564346 0.293672 0.000693289 -0.001006737 0.018738136 0.999823678
1392.289527 0.540402 6.713536 0.300963 0.001056039 -0.001609643 0.016861676 0.999855978
1392.389505 0.542572 6.863743 0.302752 0.001162971 -0.001525195 0.015810629 0.999873165
1392.489404 0.538922 7.045763 0.317004 0.001116739 -0.001512435 0.016456633 0.999862813
1392.589352 0.566752 7.198263 0.330727 0.000922579 -0.001350896 0.018628703 0.999825132
1392.689386 0.584906 7.372022 0.340980 0.001301717 -0.001628931 0.018819250 0.999820728
1392.789461 0.584015 7.510460 0.340158 0.001303196 -0.001763940 0.019229130 0.999812698
1392.889489 0.588556 7.681759 0.351275 0.001394134 -0.001941992 0.018308758 0.999829523
1392.989478 0.597419 7.837799 0.367602 0.001794730 -0.001878161 0.019663925 0.999803271
1393.089495 0.619548 7.980179 0.370840 0.001849474 -0.001704981 0.021439097 0.999766992
1393.189645 0.634320 8.153121 0.373656 0.001922514 -0.002068907 0.019905639 0.999797874
1393.289570 0.620716 8.295557 0.396727 0.002442311 -0.002387814 0.020500657 0.999784005
1393.389571 0.642643 8.468930 0.396047 0.002757136 -0.002368665 0.020524938 0.999782734
1393.489570 0.643850 8.606345 0.401197 0.003202126 -0.002466515 0.019847177 0.999794855
1393.589495 0.635216 8.771339 0.396132 0.003696685 -0.002621565 0.018742856 0.999814066
1393.689526 0.654940 8.908461 0.379213 0.004980918 -0.002148307 0.019472616 0.999795675
1393.789720 0.694255 9.065108 0.349653 0.005112612 -0.002045824 0.015638713 0.999862544
1393.889555 0.656096 9.234295 0.361020 0.005185642 -0.002166732 0.012762852 0.999902757
1393.989452 0.707825 9.382305 0.370589 0.004901430 -0.002159105 0.015629836 0.999863502
1394.089372 0.701161 9.543726 0.377120 0.004893243 -0.002070046 0.015035398 0.999872846
1394.189402 0.719368 9.694462 0.388956 0.004917360 -0.002174426 0.016388827 0.999851238
1394.289469 0.718294 9.853226 0.392640 0.005016624 -0.002138329 0.015274733 0.999868463
1394.389463 0.724003 10.034895 0.407482 0.004884449 -0.002321689 0.015844313 0.999859845
1394.489493 0.732848 10.190380 0.421037 0.004471241 -0.002133204 0.018363730 0.999819099
1394.589634 0.750619 10.358998 0.436476 0.004646075 -0.002442994 0.019288765 0.999800175
1394.689720 0.760766 10.519150 0.443916 0.004596579 -0.002797498 0.018117162 0.999821391
1394.789640 0.779419 10.654946 0.448151 0.004637811 -0.002264306 0.018776827 0.999810379
1394.889611 0.794285 10.801239 0.464872 0.004706320 -0.002218058 0.018817858 0.999809391
1394.989591 0.789766 10.995671 0.475503 0.004467610 -0.002846870 0.018784789 0.999809516
1395.089646 0.801030 11.148413 0.577545 0.002799844 -0.004876217 0.017109930 0.999837804
1395.189541 0.792097 11.291977 0.594672 0.002805710 -0.005153065 0.015957085 0.999855462
1395.289461 0.813239 11.443471 0.595490 0.001716183 -0.004279426 0.017530822 0.999835692
1395.389535 0.847083 11.602222 0.621189 0.001961112 -0.004455602 0.017716980 0.999831191
1395.489494 0.830799 11.728315 0.610130 0.002250340 -0.004232913 0.017160436 0.999841256
1395.589486 0.839094 11.919746 0.611112 0.002168305 -0.004257604 0.016155653 0.999858073
1395.689528 0.854020 12.060239 0.636258 0.002234592 -0.004629176 0.017775755 0.999828785
1395.789665 0.869565 12.231255 0.634198 0.002277535 -0.004985429 0.015273024 0.999868338
1395.889533 0.859066 12.357123 0.656933 0.002383772 -0.005129350 0.013994690 0.999886072
1395.989540 0.896079 12.534699 0.664277 0.002208757 -0.004305706 0.015991754 0.999860413
1396.089564 0.902195 12.678812 0.677618 0.001929615 -0.004414864 0.016048509 0.999859606
1396.189569 0.903288 12.845457 0.688871 0.002033734 -0.004902135 0.012572180 0.999906882
1396.289545 0.919358 12.993568 0.700835 0.002287270 -0.004754370 0.013982405 0.999888322
1396.389520 0.936331 13.146342 0.700895 0.002241530 -0.004385581 0.012746324 0.999906632
1396.489532 0.951569 13.316337 0.715464 0.002039928 -0.004190312 0.013362634 0.999899855
1396.589526 0.956379 13.462419 0.727903 0.002060561 -0.004381445 0.014305084 0.999885954
1396.689611 0.973276 13.645412 0.728127 0.002200578 -0.004466585 0.013682845 0.999893988
1396.789586 0.968739 13.787402 0.732302 0.002159829 -0.004435881 0.012877394 0.999904911
1396.889506 0.981821 13.951092 0.748719 0.001804211 -0.004732989 0.014070343 0.999888178
1396.989671 1.026857 14.121455 0.774490 0.001912061 -0.005123515 0.013046040 0.999899942
1397.089591 1.004604 14.268363 0.778641 0.002105639 -0.004893210 0.011616731 0.999918334
1397.189414 1.008674 14.416209 0.802244 -0.000182840 -0.003566144 0.012880302 0.999910670
1397.289456 1.053498 14.587143 0.832898 -0.000049496 -0.002917845 0.015606553 0.999873952
1397.389549 1.058931 14.758137 0.809043 0.001566691 -0.003343147 0.013036734 0.999908202
1397.489613 1.066651 14.904652 0.793897 0.002133850 -0.004669407 0.012750887 0.999905525
1397.589609 1.062807 15.078124 0.831635 0.001611007 -0.006304559 0.009520370 0.999933508
1397.689460 1.069003 15.235735 0.847119 0.002067406 -0.005585607 0.010715724 0.999924847
1397.789449 1.097578 15.386329 0.841316 0.002619018 -0.004345182 0.011074810 0.999925802
1397.889480 1.113530 15.560918 0.832673 0.002253071 -0.004945040 0.009048875 0.999944293
1397.989511 1.110150 15.731961 0.864610 0.001379663 -0.006287265 0.008205349 0.999945618
1398.089507 1.120538 15.894354 0.880610 0.001428312 -0.006603429 0.007316638 0.999950409
1398.189542 1.157645 16.052596 0.899321 0.001340010 -0.006473784 0.008157178 0.999944876
1398.289601 1.146876 16.224928 0.906977 0.000874701 -0.006516972 0.008835398 0.999939348
1398.389674 1.166027 16.384247 0.922194 0.000956742 -0.006949086 0.007310897 0.999948671
1398.489630 1.172203 16.545608 0.941036 0.001176339 -0.006656632 0.007631016 0.999948035
1398.589583 1.181825 16.711012 0.947847 0.001084762 -0.006854024 0.008400508 0.999940637
1398.689646 1.207707 16.875325 0.950967 0.000874900 -0.007032727 0.007573126 0.999946210
1398.789559 1.204400 17.027488 0.956093 0.000749948 -0.006942538 0.007159179 0.999949991
1398.889509 1.229888 17.201754 0.968809 0.000677898 -0.006710834 0.008524088 0.999940921
1398.989636 1.245827 17.375494 0.971855 0.000866321 -0.007078724 0.008662329 0.999937051
1399.089668 1.250699 17.542495 0.966128 0.001362822 -0.007551560 0.004972973 0.999958192
1399.189526 1.249185 17.681476 0.971689 0.001592406 -0.007618403 0.005742954 0.999953220
1399.289453 1.280360 17.855954 0.992419 0.002150134 -0.007479330 0.009536419 0.999924244
1399.389629 1.313652 18.030119 0.983619 0.002858034 -0.007420637 0.008905423 0.999928727
1399.489560 1.287476 18.177350 0.974392 0.004504207 -0.007487210 0.004658127 0.999950977
1399.589443 1.303336 18.330183 0.952778 0.005110355 -0.007092750 0.007007899 0.999937231
1399.689462 1.317551 18.494319 0.956639 0.005313686 -0.007114557 0.008041438 0.999928239
1399.789557 1.345953 18.660128 0.942515 0.005780671 -0.007141046 0.006666403 0.999935572
1399.889479 1.327941 18.807389 0.887906 0.008887820 -0.005762664 0.003406856 0.999938094
1399.989440 1.352264 18.979847 1.083646 0.023091312 -0.011203536 0.003822945 0.999663272
1400.089420 1.377315 19.112369 1.079033 0.023684763 -0.010517514 0.005072400 0.999651282
1400.189430 1.372818 19.302791 1.096854 0.023730415 -0.010842670 0.003050373 0.999654940
1400.289537 1.396270 19.472797 1.093474 0.023895784 -0.011068502 0.003404169 0.999647384
1400.389468 1.359338 19.615748 1.090051 0.023644461 -0.011242574 0.003360229 0.999651566
1400.489388 1.384478 19.786204 1.091219 0.023524410 -0.010830067 0.006548320 0.999643152
1400.589457 1.396125 19.958033 1.121924 0.022772017 -0.011353854 0.009727156 0.999628885
1400.689536 1.385816 20.138496 1.152682 0.021304327 -0.011967613 0.011328917 0.999637213
1400.789424 1.369129 20.306537 1.171349 0.016600238 -0.010516431 0.016064065 0.999677839
1400.889452 1.361774 20.464017 1.100215 0.005186594 -0.008317065 0.023993380 0.999664065
1400.989635 1.360877 20.652988 1.101678 0.004556228 -0.008991120 0.026749973 0.999591336
1401.089682 1.329488 20.809675 1.091477 0.004316740 -0.009408353 0.030494796 0.999481324
1401.189602 1.318589 20.972773 1.106404 0.003183073 -0.010128663 0.034874595 0.999335300
1401.289577 1.299787 21.161030 1.155149 0.002446397 -0.010812272 0.043407238 0.998995957
1401.389494 1.258549 21.301940 1.178485 0.002751509 -0.010877808 0.048999366 0.998735783
1401.489400 1.243188 21.451772 1.199119 0.001946939 -0.010640056 0.058907394 0.998204848
1401.589415 1.204649 21.602383 1.214779 0.001672411 -0.010642341 0.068680103 0.997580567
1401.689528 1.178308 21.763230 1.239303 0.002020229 -0.010949151 0.077532273 0.996927671
1401.789508 1.129029 21.920295 1.229542 0.002299010 -0.010746668 0.086063581 0.996229032
1401.889562 1.103476 22.075199 1.213185 0.002500993 -0.010645143 0.093913023 0.995520351
1401.989514 1.041713 22.218680 1.199834 0.002720858 -0.010849382 0.103919542 0.994522809
1402.089489 0.991049 22.375090 1.216969 0.002652111 -0.010965119 0.112864011 0.993546399
1402.189448 0.931093 22.525465 1.245459 0.002088213 -0.011342031 0.122834864 0.992360113
1402.289301 0.865775 22.680052 1.263854 0.002010321 -0.011414027 0.134309774 0.990871618
1402.389304 0.823318 22.821499 1.277809 0.001902143 -0.011597920 0.145888107 0.989231283
1402.489445 0.756496 22.983565 1.262616 0.001858853 -0.011576714 0.155242048 0.987806879
1402.589531 0.685240 23.134996 1.259964 0.002316922 -0.011938508 0.163837795 0.986412328
1402.689474 0.596309 23.267668 1.258669 0.002491751 -0.011730586 0.174720677 0.984545006
1402.789482 0.531183 23.417305 1.261643 0.002181253 -0.011757097 0.184908479 0.982682994
1402.889445 0.459381 23.555362 1.273071 0.002287360 -0.011995250 0.196277335 0.980472381
1402.989461 0.372646 23.700397 1.281168 0.001323270 -0.012064801 0.209642948 0.977702677
1403.089605 0.292825 23.843120 1.274650 0.001522749 -0.012292164 0.218645283 0.975725794
1403.189603 0.203289 23.963499 1.279948 0.001791707 -0.012332347 0.228827749 0.973387161
1403.289578 0.111684 24.101488 1.284929 0.001640554 -0.012462288 0.241447978 0.970332352
1403.389538 0.023110 24.223912 1.282294 0.001662009 -0.012232435 0.252815838 0.967435661
1403.489584 -0.062820 24.350341 1.314668 0.001451244 -0.012713504 0.264337080 0.964345461
1403.589670 -0.178167 24.478903 1.308972 0.001556544 -0.013121630 0.274072732 0.961618187
1403.689577 -0.290321 24.586798 1.309531 0.001642559 -0.012761010 0.286754729 0.957917629
1403.789546 -0.368129 24.713805 1.325883 0.001360805 -0.012710193 0.297376036 0.954674862
1403.889595 -0.492253 24.842218 1.324021 0.001468753 -0.013113267 0.307148308 0.951570177
1403.989626 -0.602641 24.971453 1.302114 0.002040716 -0.013545663 0.315297760 0.948893921
1404.089435 -0.713023 25.051353 1.336583 0.001440903 -0.013625985 0.326709569 0.945025457
1404.189505 -0.809827 25.175940 1.359849 0.001268613 -0.013927115 0.338225623 0.940961133
1404.289497 -0.945063 25.282503 1.348464 0.001321036 -0.014551916 0.346544870 0.937919586
1404.389414 -1.065324 25.387196 1.348875 0.001038115 -0.014333887 0.357139379 0.933940537
1404.489281 -1.189943 25.455077 1.372239 0.000487859 -0.014439895 0.370210091 0.928835690
1404.589472 -1.300894 25.587609 1.344543 0.000296408 -0.014914629 0.379265974 0.925167437
1404.689563 -1.420272 25.685936 1.386168 -0.001253940 -0.032200436 0.386214874 0.921845774
1404.789467 -1.556098 25.760424 1.384749 -0.001144427 -0.032433041 0.396794689 0.917333507
1404.889458 -1.677329 25.852330 1.398050 -0.001571146 -0.032396010 0.407969462 0.912419283
1404.989378 -1.804887 25.933601 1.403692 -0.002257387 -0.032398393 0.418293166 0.907731279
1405.089409 -1.945399 26.025578 1.406812 -0.002426687 -0.032401002 0.429145543 0.902650757
1405.189426 -2.084111 26.100321 1.412287 -0.002487498 -0.031698342 0.439946101 0.897461117
1405.289470 -2.212514 26.194262 1.457281 -0.002788875 -0.031906495 0.451030471 0.891933693
1405.389555 -2.346567 26.249594 1.466566 -0.003128537 -0.032071197 0.461970297 0.886309819
1405.489696 -2.492706 26.321043 1.456007 -0.002990786 -0.032816797 0.470658126 0.881700086
1405.589838 -2.634398 26.393926 1.430570 -0.001046207 -0.033355508 0.475888308 0.878872365
1405.689684 -2.788612 26.439562 1.409252 0.001360939 -0.032722098 0.484743828 0.874042810
1405.789556 -2.916374 26.513685 1.420087 0.000898258 -0.032767135 0.494144865 0.868761394
1405.889487 -3.066999 26.573025 1.441391 0.000634651 -0.033166261 0.503341526 0.863450580
1405.989379 -3.201899 26.620253 1.464543 -0.000326595 -0.033244934 0.514515455 0.856836341
1406.089547 -3.325375 26.685329 1.466860 -0.000314727 -0.033227443 0.523175813 0.851576718
1406.189601 -3.477824 26.726452 1.435117 0.000531862 -0.032986034 0.528279700 0.848429253
1406.289553 -3.636242 26.768253 1.436421 0.000229136 -0.033218322 0.539194436 0.841525906
1406.389616 -3.773649 26.842789 1.444448 -0.000013229 -0.033218193 0.545581381 0.837399252
1406.489525 -3.934105 26.873485 1.442857 -0.000294450 -0.033164248 0.552563716 0.832810534
1406.589369 -4.073916 26.909972 1.477965 -0.000754232 -0.033253870 0.561935919 0.826511727
1406.689436 -4.230291 26.957699 1.462023 -0.000658798 -0.033301599 0.570112180 0.820891389
1406.789582 -4.373082 27.007545 1.460527 0.001097367 -0.034089321 0.573944742 0.818183443
1406.889552 -4.517356 27.025068 1.414287 0.002329890 -0.033844585 0.579788496 0.814060449
1406.989458 -4.669119 27.054967 1.441952 0.001559065 -0.033607809 0.587504744 0.808521032
1407.089466 -4.826194 27.105293 1.446447 0.000911934 -0.034159617 0.593311226 0.804247523
1407.189411 -4.999388 27.132609 1.442788 0.000903946 -0.034044372 0.598639012 0.800294631
1407.289303 -5.136778 27.171056 1.483831 0.000139989 -0.034224945 0.607513841 0.793571400
1407.389392 -5.281394 27.206899 1.475321 0.000062212 -0.034277245 0.613273292 0.789126692
1407.489505 -5.429660 27.224951 1.458598 -0.000143647 -0.034382781 0.617512605 0.785809129
1407.589448 -5.611860 27.227730 1.467945 -0.000256869 -0.034257106 0.623217093 0.781298176
1407.689427 -5.733903 27.253171 1.474807 -0.000550749 -0.034240518 0.629608607 0.776157384
1407.789495 -5.893626 27.295677 1.462977 -0.000626419 -0.034324053 0.633920526 0.772635900
1407.889488 -6.046164 27.298797 1.460843 -0.000810631 -0.034315098 0.639394721 0.768112106
1407.989450 -6.211009 27.324958 1.487093 -0.000983870 -0.034272259 0.645137174 0.763297105
1408.089485 -6.356398 27.352901 1.474899 -0.000781590 -0.033634129 0.650172999 0.759040978
1408.130634 -6.503889 27.304699 1.443829 -0.001533019 -0.032395251 0.656099754 0.753976996
