1.000000000e+00 0.000000000e+00 0.000000000e+00 0.000000000e+00 0.000000000e+00 1.000000000e+00 0.000000000e+00 0.000000000e+00 0.000000000e+00 0.000000000e+00 1.000000000e+00 0.000000000e+00
9.999728693e-01 -7.304499460e-03 9.512414962e-04 5.912957620e-03 7.304729752e-03 9.999732916e-01 -2.388472614e-04 1.190747426e-01 -9.494714304e-04 2.457893434e-04 9.999995190e-01 2.223026885e-02
9.999040392e-01 -1.379472633e-02 1.272011928e-03 4.396524096e-02 1.379487736e-02 9.999048401e-01 -1.100364493e-04 2.860848754e-01 -1.270372961e-03 1.275731387e-04 9.999991849e-01 2.743759163e-02
9.999516188e-01 -9.829770463e-03 3.682091048e-04 1.007876297e-01 9.829772299e-03 9.999516866e-01 -3.179015820e-06 4.898502761e-01 -3.681600664e-04 6.798273675e-06 9.999999322e-01 2.822165752e-02
9.999654383e-01 -8.313973216e-03 1.097809097e-05 7.158617333e-02 8.313973581e-03 9.999654378e-01 -3.368152490e-05 6.092364382e-01 -1.069768425e-05 3.377163236e-05 9.999999994e-01 3.379712763e-02
9.999394778e-01 -1.099689609e-02 3.300976101e-04 9.719823100e-02 1.099693760e-02 9.999395241e-01 -1.242174446e-04 7.900843164e-01 -3.287116409e-04 1.278399895e-04 9.999999378e-01 4.068193374e-02
9.998850295e-01 -1.515225974e-02 5.803367230e-04 1.136431609e-01 1.515218256e-02 9.998851897e-01 1.371646748e-04 9.620135733e-01 -5.823484491e-04 -1.283555370e-04 9.999998222e-01 4.811579479e-02
9.998748540e-01 -1.581719595e-02 3.044239799e-04 1.353500992e-01 1.581719348e-02 9.998749003e-01 1.050561115e-05 1.099839381e+00 -3.045520658e-04 -5.689163426e-06 9.999999536e-01 5.972425201e-02
9.998795630e-01 -1.551957843e-02 4.566281835e-05 1.488090699e-01 1.551957957e-02 9.998795638e-01 -2.479574881e-05 1.264726130e+00 -4.527249933e-05 2.550143023e-05 9.999999987e-01 6.702779722e-02
9.999299133e-01 -1.183767390e-02 -1.948137655e-04 1.469545307e-01 1.183765920e-02 9.999299295e-01 -7.643847454e-05 1.434690645e+00 1.957049685e-04 7.412697826e-05 9.999999781e-01 7.282324940e-02
9.998503405e-01 -1.729808122e-02 -2.700762669e-04 1.552762972e-01 1.729814849e-02 9.998503449e-01 2.487565019e-04 1.601467820e+00 2.657328384e-04 -2.533910925e-04 9.999999326e-01 8.147772459e-02
9.998450034e-01 -1.758474180e-02 -8.637219948e-04 1.746572235e-01 1.758500458e-02 9.998453276e-01 2.975885189e-04 1.766592661e+00 8.583553836e-04 -3.127309489e-04 9.999995827e-01 9.728987107e-02
9.999002468e-01 -1.407739266e-02 -1.150382683e-03 1.873693054e-01 1.407732830e-02 9.999009075e-01 -6.402242127e-05 1.919009051e+00 1.151169958e-03 4.782172013e-05 9.999993363e-01 1.052012326e-01
9.999664590e-01 -8.061601575e-03 -1.446162405e-03 1.921927741e-01 8.061048335e-03 9.999674340e-01 -3.879789970e-04 2.093940589e+00 1.449243042e-03 3.763083987e-04 9.999988790e-01 1.095608980e-01
9.999564218e-01 -9.217709374e-03 -1.479304818e-03 2.135417808e-01 9.216754514e-03 9.999573129e-01 -6.510031936e-04 2.228782053e+00 1.485242429e-03 6.373404346e-04 9.999986939e-01 1.209659668e-01
9.999385683e-01 -1.097902590e-02 -1.523372300e-03 2.148770716e-01 1.097789726e-02 9.999394618e-01 -7.472801610e-04 2.404972243e+00 1.531484487e-03 7.305108297e-04 9.999985605e-01 1.274174237e-01
9.999657154e-01 -8.114759697e-03 -1.648844760e-03 2.189222855e-01 8.113636068e-03 9.999668479e-01 -6.870147331e-04 2.580294044e+00 1.654365056e-03 6.736130527e-04 9.999984047e-01 1.339840932e-01
9.999640703e-01 -8.316027588e-03 -1.643721999e-03 2.368900260e-01 8.314500874e-03 9.999649982e-01 -9.334769105e-04 2.731848852e+00 1.651427286e-03 9.197766429e-04 9.999982134e-01 1.385059227e-01
9.999560795e-01 -9.256533187e-03 -1.468196664e-03 2.518190444e-01 9.254731348e-03 9.999564184e-01 -1.229328576e-03 2.895354886e+00 1.479511998e-03 1.215686818e-03 9.999981666e-01 1.404983864e-01
9.999503497e-01 -9.839651874e-03 -1.574585044e-03 2.660744454e-01 9.837722250e-03 9.999508537e-01 -1.228569622e-03 3.071365910e+00 1.586596357e-03 1.213018293e-03 9.999980056e-01 1.429881409e-01
9.999709927e-01 -7.265056442e-03 -2.287490882e-03 3.046358491e-01 7.262218433e-03 9.999728528e-01 -1.246536178e-03 3.234034983e+00 2.296484938e-03 1.229887761e-03 9.999966068e-01 1.591391996e-01
9.999627852e-01 -8.324589959e-03 -2.264822522e-03 2.927099360e-01 8.320393667e-03 9.999636626e-01 -1.855968479e-03 3.395344427e+00 2.280190400e-03 1.837055194e-03 9.999957130e-01 1.692595998e-01
9.999622831e-01 -8.499061932e-03 -1.788381904e-03 2.963516055e-01 8.495433480e-03 9.999618591e-01 -2.026810597e-03 3.568661550e+00 1.805539683e-03 2.011541073e-03 9.999963469e-01 1.665090910e-01
9.998858210e-01 -1.502951129e-02 -1.568012519e-03 3.298429032e-01 1.502718200e-02 9.998859800e-01 -1.486862737e-03 3.730562201e+00 1.590180555e-03 1.463130159e-03 9.999976653e-01 1.754587557e-01
9.998896452e-01 -1.474351962e-02 -1.823747946e-03 3.501975325e-01 1.474088709e-02 9.998902979e-01 -1.448592060e-03 3.914220956e+00 1.844905222e-03 1.421548538e-03 9.999972878e-01 1.875500767e-01
9.998496336e-01 -1.721100163e-02 -2.119349850e-03 3.583445393e-01 1.720685122e-02 9.998500276e-01 -1.961245552e-03 4.049269168e+00 2.152787007e-03 1.924483309e-03 9.999958309e-01 1.914936275e-01
9.998651068e-01 -1.627896830e-02 -2.182518349e-03 3.769756892e-01 1.627421952e-02 9.998651979e-01 -2.176212067e-03 4.224422214e+00 2.217650628e-03 2.140399728e-03 9.999952503e-01 1.870959851e-01
9.998457119e-01 -1.740912099e-02 -2.339866072e-03 3.859767984e-01 1.740431154e-02 9.998464107e-01 -2.060322854e-03 4.402398115e+00 2.375375103e-03 2.019281212e-03 9.999951400e-01 1.990171555e-01
9.997718672e-01 -2.125808411e-02 -2.075427568e-03 3.887385674e-01 2.125376893e-02 9.997719504e-01 -2.079553153e-03 4.550372166e+00 2.119161584e-03 2.034968080e-03 9.999956840e-01 2.048606883e-01
9.996824984e-01 -2.515473980e-02 -1.463354153e-03 4.056905872e-01 2.515135573e-02 9.996810392e-01 -2.286728040e-03 4.712731472e+00 1.520409450e-03 2.249196660e-03 9.999963147e-01 2.236384678e-01
9.996695701e-01 -2.567621870e-02 -1.217509210e-03 4.238019094e-01 2.567356276e-02 9.996680697e-01 -2.149086780e-03 4.877416370e+00 1.272285504e-03 2.117118858e-03 9.999969495e-01 2.238515613e-01
9.995876505e-01 -2.868148226e-02 -1.378991850e-03 4.440247755e-01 2.867861235e-02 9.995865660e-01 -2.057746770e-03 5.051910055e+00 1.437440955e-03 2.017350686e-03 9.999969320e-01 2.343517586e-01
9.996107026e-01 -2.785646653e-02 -1.568574303e-03 4.468468168e-01 2.785331262e-02 9.996100247e-01 -1.997857468e-03 5.214951731e+00 1.623615848e-03 1.953389717e-03 9.999967741e-01 2.374549337e-01
9.995176348e-01 -3.101119373e-02 -1.674380408e-03 4.629640917e-01 3.100769967e-02 9.995169941e-01 -2.073903615e-03 5.368994479e+00 1.737885899e-03 2.020984552e-03 9.999964477e-01 2.440271448e-01
9.995280058e-01 -3.068075677e-02 -1.567421801e-03 4.731565901e-01 3.067753023e-02 9.995272466e-01 -2.042671261e-03 5.532321360e+00 1.629351497e-03 1.993622502e-03 9.999966853e-01 2.517340543e-01
9.994480178e-01 -3.318494568e-02 -1.555375864e-03 4.805922445e-01 3.318216209e-02 9.994477308e-01 -1.782546263e-03 5.706665535e+00 1.613670579e-03 1.729951595e-03 9.999972017e-01 2.578578226e-01
9.994273926e-01 -3.379520024e-02 -1.664714975e-03 5.101276627e-01 3.379251741e-02 9.994275662e-01 -1.614187811e-03 5.886717273e+00 1.718313837e-03 1.557008605e-03 9.999973116e-01 2.615665492e-01
9.995924227e-01 -2.844408783e-02 -2.433591711e-03 4.822124532e-01 2.843985608e-02 9.995939628e-01 -1.756181718e-03 6.053171935e+00 2.482556569e-03 1.686254940e-03 9.999954967e-01 2.752154434e-01
9.994310300e-01 -3.369899929e-02 -1.411987805e-03 5.041271690e-01 3.369573003e-02 9.994295404e-01 -2.278496776e-03 6.217299294e+00 1.487965384e-03 2.229622420e-03 9.999964074e-01 2.788914685e-01
9.991543520e-01 -4.110869052e-02 -8.102073447e-04 5.361338564e-01 4.110724441e-02 9.991532470e-01 -1.727293608e-03 6.371569452e+00 8.805280776e-04 1.692527534e-03 9.999981800e-01 2.882212182e-01
9.992957375e-01 -3.747106063e-02 -1.987136388e-03 5.449912015e-01 3.746826880e-02 9.992968032e-01 -1.424062764e-03 6.564346198e+00 2.039100183e-03 1.348605289e-03 9.999970117e-01 2.936724563e-01
9.994261859e-01 -3.372189413e-02 -3.183208676e-03 5.404019402e-01 3.371509474e-02 9.994291374e-01 -2.166056346e-03 6.713535763e+00 3.254435023e-03 2.057491250e-03 9.999925877e-01 3.009633713e-01
9.994953956e-01 -3.162079553e-02 -3.013228090e-03 5.425724228e-01 3.161370050e-02 9.994973430e-01 -2.373875659e-03 6.863743412e+00 3.086777306e-03 2.277418500e-03 9.999926426e-01 3.027520514e-01
9.994537836e-01 -3.291212809e-02 -2.987699768e-03 5.389216149e-01 3.290537211e-02 9.994558643e-01 -2.282950970e-03 7.045762598e+00 3.061210829e-03 2.183392612e-03 9.999929309e-01 3.170039542e-01
9.993022930e-01 -3.725338380e-02 -2.666947367e-03 5.667524199e-01 3.724839857e-02 9.993042405e-01 -1.895166600e-03 7.198263239e+00 2.735693182e-03 1.794504811e-03 9.999946479e-01 3.307267846e-01
9.992863648e-01 -3.763599360e-02 -3.208283182e-03 5.849056578e-01 3.762751197e-02 9.992882827e-01 -2.664278417e-03 7.372022321e+00 3.306272557e-03 2.541657380e-03 9.999913042e-01 3.409802811e-01
9.992542581e-01 -3.845565498e-02 -3.477100834e-03 5.840147302e-01 3.844645995e-02 9.992570844e-01 -2.673741645e-03 7.510460362e+00 3.577338128e-03 2.538065506e-03 9.999903804e-01 3.401584713e-01
9.993220361e-01 -3.661668814e-02 -3.832272870e-03 5.885556673e-01 3.660585855e-02 9.993256915e-01 -2.858903344e-03 7.681758935e+00 3.934372308e-03 2.716681472e-03 9.999885701e-01 3.512754719e-01
9.992196052e-01 -3.932685417e-02 -3.684999218e-03 5.974186943e-01 3.931337101e-02 9.992202180e-01 -3.662617704e-03 7.837799293e+00 3.826164954e-03 3.514889674e-03 9.999865029e-01 3.676017197e-01
9.990749163e-01 -4.287450934e-02 -3.329866288e-03 6.195477850e-01 4.286189606e-02 9.990738891e-01 -3.771191747e-03 7.980178643e+00 3.488470458e-03 3.624978697e-03 9.999873450e-01 3.708396382e-01
9.991989703e-01 -3.981118593e-02 -4.060440596e-03 6.343199502e-01 3.979527592e-02 9.992001390e-01 -3.926616109e-03 8.153121102e+00 4.213516051e-03 3.761884420e-03 9.999840471e-01 3.736564331e-01
9.991480428e-01 -4.100412119e-02 -4.674457551e-03 6.207158782e-01 4.098079406e-02 9.991475164e-01 -4.981470185e-03 8.295556885e+00 4.874733459e-03 4.785663203e-03 9.999766669e-01 3.967271050e-01
9.991462327e-01 -4.105401817e-02 -4.623119646e-03 6.426432264e-01 4.102789524e-02 9.991422503e-01 -5.610308126e-03 8.468929809e+00 4.849479858e-03 5.415841360e-03 9.999735753e-01 3.960473609e-01
9.992000117e-01 -3.970200757e-02 -4.804912311e-03 6.438495113e-01 3.967041519e-02 9.991916719e-01 -6.500845821e-03 8.606345353e+00 5.059124996e-03 6.305032354e-03 9.999673254e-01 4.011974130e-01
9.992836655e-01 -3.749812505e-02 -5.103582703e-03 6.352158489e-01 3.745936065e-02 9.992700797e-01 -7.490266064e-03 8.771338878e+00 5.380728428e-03 7.293723582e-03 9.999589238e-01 3.961321074e-01
9.992324040e-01 -3.895867569e-02 -4.101752735e-03 6.549398825e-01 3.891587353e-02 9.991920154e-01 -1.004346739e-02 8.908461464e+00 4.489718771e-03 9.876134777e-03 9.999411505e-01 3.792134500e-01
9.995024905e-01 -3.129404500e-02 -3.931176551e-03 6.942550504e-01 3.125220698e-02 9.994585837e-01 -1.028780681e-02 9.065108459e+00 4.250995237e-03 1.015983059e-02 9.999393516e-01 3.496531967e-01
9.996648298e-01 -2.554569314e-02 -4.200676243e-03 6.560960200e-01 2.550074954e-02 9.996204375e-01 -1.042558221e-02 9.234295104e+00 4.465410547e-03 1.031496747e-02 9.999368288e-01 3.610199218e-01
9.995020930e-01 -3.127657006e-02 -4.164402851e-03 7.078249204e-01 3.123423926e-02 9.994633684e-01 -9.869014974e-03 9.382304691e+00 4.470837039e-03 9.734029168e-03 9.999426285e-01 3.705887458e-01
9.995393034e-01 -3.008723102e-02 -3.992421361e-03 7.011607058e-01 3.004671408e-02 9.994999860e-01 -9.847488646e-03 9.543725964e+00 4.286708761e-03 9.722992798e-03 9.999435422e-01 3.771201017e-01
9.994533565e-01 -3.279416188e-02 -4.187026260e-03 7.193683560e-01 3.275139214e-02 9.994144519e-01 -9.904528734e-03 9.694461728e+00 4.509385273e-03 9.761983549e-03 9.999421829e-01 3.889562129e-01
9.995242201e-01 -3.056690248e-02 -4.122840478e-03 7.182937454e-01 3.052399371e-02 9.994830320e-01 -1.009725210e-02 9.853225952e+00 4.429350822e-03 9.966602475e-03 9.999405221e-01 3.926398504e-01
9.994871350e-01 -3.170686538e-02 -4.487946654e-03 7.240026654e-01 3.166150469e-02 9.994501998e-01 -9.841099659e-03 1.003489492e+01 4.797509602e-03 9.693957360e-03 9.999415038e-01 4.074821561e-01
9.993164457e-01 -3.673989180e-02 -4.101418932e-03 7.328476993e-01 3.670173953e-02 9.992855629e-01 -9.019211185e-03 1.019037951e+01 4.429853569e-03 8.862516856e-03 9.999509149e-01 4.210374077e-01
9.992439507e-01 -3.859252121e-02 -4.705776818e-03 7.506191939e-01 3.854711988e-02 9.992127151e-01 -9.384537380e-03 1.035899770e+01 5.064244989e-03 9.196048064e-03 9.999448915e-01 4.364759177e-01
9.993278849e-01 -3.625357037e-02 -5.427443351e-03 7.607657461e-01 3.620213468e-02 9.993012798e-01 -9.292880652e-03 1.051914971e+01 5.760551190e-03 9.090149731e-03 9.999420909e-01 4.439163187e-01
9.992846074e-01 -3.756753510e-02 -4.353586841e-03 7.794191776e-01 3.752552940e-02 9.992518430e-01 -9.358896834e-03 1.065494595e+01 4.701920359e-03 9.188830897e-03 9.999467272e-01 4.481512892e-01
9.992819369e-01 -3.764941942e-02 -4.258145016e-03 7.942848641e-01 3.760766385e-02 9.992474776e-01 -9.494324412e-03 1.080123942e+01 4.612396468e-03 9.327368002e-03 9.999458615e-01 4.648722055e-01
9.992780540e-01 -3.758785964e-02 -5.524808649e-03 7.897658039e-01 3.753698483e-02 9.992543443e-01 -9.040473507e-03 1.099567093e+01 5.860501094e-03 8.826562115e-03 9.999438716e-01 4.755029910e-01
9.993669456e-01 -3.424161542e-02 -9.655042694e-03 8.010300544e-01 3.418700484e-02 9.993988223e-01 -5.765642269e-03 1.114841259e+01 9.846663204e-03 5.431915312e-03 9.999367668e-01 5.775447711e-01
9.994376347e-01 -3.193847384e-02 -1.021509844e-02 7.920971310e-01 3.188064181e-02 9.994749988e-01 -5.775065698e-03 1.129197730e+01 1.039418229e-02 5.446154107e-03 9.999311478e-01 5.946719758e-01
9.993487136e-01 -3.507057149e-02 -8.497273345e-03 8.132390473e-01 3.504119437e-02 9.993794500e-01 -3.581846078e-03 1.144347086e+01 8.617617751e-03 3.281758663e-03 9.999574825e-01 5.954902062e-01
9.993325124e-01 -3.544545508e-02 -8.840209328e-03 8.470829108e-01 3.541050334e-02 9.993645253e-01 -4.079440858e-03 1.160222234e+01 8.979189237e-03 3.763681620e-03 9.999526033e-01 6.211887529e-01
9.993752038e-01 -3.433447445e-02 -8.387248001e-03 8.307991217e-01 3.429637248e-02 9.994009108e-01 -4.645242835e-03 1.172831464e+01 8.541715263e-03 4.354688323e-03 9.999540368e-01 6.101303440e-01
9.994417354e-01 -3.232518363e-02 -8.443938477e-03 8.390938754e-01 3.228825648e-02 9.994685867e-01 -4.473564195e-03 1.191974595e+01 8.584060040e-03 4.198426711e-03 9.999543425e-01 6.111122268e-01
9.993251865e-01 -3.556611230e-02 -9.177323278e-03 8.540197957e-01 3.552473502e-02 9.993580582e-01 -4.632993804e-03 1.206023938e+01 9.336209549e-03 4.303845419e-03 9.999471547e-01 6.362576220e-01
9.994837604e-01 -3.056473576e-02 -9.899976404e-03 8.695649862e-01 3.051931780e-02 9.995230951e-01 -4.706755714e-03 1.223125476e+01 1.003911580e-02 4.402185374e-03 9.999399167e-01 6.341978669e-01
9.995556769e-01 -2.801064496e-02 -1.019081124e-02 8.590658054e-01 2.796173616e-02 9.995969326e-01 -4.910567867e-03 1.235712305e+01 1.032425183e-02 4.623433213e-03 9.999360148e-01 6.569328202e-01
9.994514494e-01 -3.199806402e-02 -8.539565197e-03 8.960790275e-01 3.196002299e-02 9.994787704e-01 -4.554608809e-03 1.253469894e+01 8.680852787e-03 4.279185676e-03 9.999531646e-01 6.642772959e-01
9.994459087e-01 -3.210954944e-02 -8.766554015e-03 9.021946232e-01 3.207547348e-02 9.994774439e-01 -4.000392791e-03 1.267881166e+01 8.890423809e-03 3.716984837e-03 9.999535711e-01 6.776182786e-01
9.996358187e-01 -2.516195796e-02 -9.752220955e-03 9.032883526e-01 2.512207941e-02 9.996756084e-01 -4.190349591e-03 1.284545663e+01 9.854494817e-03 3.943827475e-03 9.999436660e-01 6.888712583e-01
9.995637766e-01 -2.798343578e-02 -9.443714619e-03 9.193577646e-01 2.793993767e-02 9.995985215e-01 -4.706984816e-03 1.299356828e+01 9.571640778e-03 4.441074721e-03 9.999443287e-01 7.008346538e-01
9.996365958e-01 -2.550992849e-02 -8.713201375e-03 9.363312543e-01 2.547060684e-02 9.996650135e-01 -4.594441720e-03 1.314634210e+01 8.827486450e-03 4.370841554e-03 9.999514844e-01 7.008951724e-01
9.996077626e-01 -2.673968842e-02 -8.325267286e-03 9.515694098e-01 2.670549668e-02 9.996345574e-01 -4.191435002e-03 1.331633693e+01 8.434302545e-03 3.967460567e-03 9.999565600e-01 7.154635505e-01
9.995523350e-01 -2.862496082e-02 -8.702937375e-03 9.563791709e-01 2.858884787e-02 9.995822373e-01 -4.246006753e-03 1.346241888e+01 8.820843390e-03 3.995299012e-03 9.999531141e-01 7.279033293e-01
9.995856587e-01 -2.738244798e-02 -8.872002456e-03 9.732760196e-01 2.734313172e-02 9.996158744e-01 -4.522919677e-03 1.364541221e+01 8.992443105e-03 4.278457313e-03 9.999504142e-01 7.281273103e-01
9.996289914e-01 -2.577150017e-02 -8.815292684e-03 9.687393526e-01 2.573317720e-02 9.996590157e-01 -4.433491507e-03 1.378740179e+01 8.926544535e-03 4.205001155e-03 9.999513162e-01 7.323021343e-01
9.995592485e-01 -2.815461800e-02 -9.414147453e-03 9.818213319e-01 2.812046076e-02 9.995975405e-01 -3.741207730e-03 1.395109154e+01 9.515690915e-03 3.474828623e-03 9.999486873e-01 7.487193563e-01
9.996071009e-01 -2.610906125e-02 -1.019611606e-02 1.026856791e+00 2.606987536e-02 9.996522898e-01 -3.957421614e-03 1.412145542e+01 1.029589533e-02 3.690055272e-03 9.999401872e-01 7.744898352e-01
9.996822161e-01 -2.325217105e-02 -9.736699560e-03 1.004603640e+00 2.321095771e-02 9.997212357e-01 -4.324620843e-03 1.426836306e+01 9.834542139e-03 4.097248426e-03 9.999432456e-01 7.786405258e-01
9.996427609e-01 -2.575699923e-02 -7.136361250e-03 1.008673829e+00 2.575960737e-02 9.996681288e-01 2.737817517e-04 1.441620872e+01 7.126941100e-03 -4.575138100e-04 9.999744984e-01 8.022443580e-01
9.994958433e-01 -3.120888377e-02 -5.836500254e-03 1.053497705e+00 3.120946145e-02 9.995128661e-01 7.904558571e-06 1.458714295e+01 5.833410404e-03 -1.900546031e-04 9.999829675e-01 8.328975831e-01
9.996377339e-01 -2.608154949e-02 -6.644830415e-03 1.058931189e+00 2.606059878e-02 9.996551781e-01 -3.220262748e-03 1.475813731e+01 6.726528574e-03 3.045927896e-03 9.999727377e-01 8.090426570e-01
9.996312230e-01 -2.551929245e-02 -9.283514744e-03 1.066650532e+00 2.547943719e-02 9.996657231e-01 -4.386374750e-03 1.490465213e+01 9.392348660e-03 4.148218425e-03 9.999472866e-01 7.938973171e-01
9.997392302e-01 -1.905978796e-02 -1.257760450e-02 1.062807224e+00 1.901916121e-02 9.998135344e-01 -3.341843181e-03 1.507812437e+01 1.263895403e-02 3.101756241e-03 9.999153144e-01 8.316351049e-01
9.997079485e-01 -2.145293309e-02 -1.112606793e-02 1.069003381e+00 2.140674222e-02 9.997617982e-01 -4.254208946e-03 1.523573465e+01 1.121468294e-02 4.014793630e-03 9.999290536e-01 8.471187972e-01
9.997169360e-01 -2.217073651e-02 -8.631708120e-03 1.097577833e+00 2.212521607e-02 9.997409787e-01 -5.333891882e-03 1.538632913e+01 8.747728635e-03 5.141403642e-03 9.999485203e-01 8.413163112e-01
9.997873289e-01 -1.811902512e-02 -9.848753235e-03 1.113530264e+00 1.807445901e-02 9.998260831e-01 -4.595385545e-03 1.556091756e+01 9.930304276e-03 4.416397353e-03 9.999409405e-01 8.326728931e-01
9.997862851e-01 -1.642715386e-02 -1.255120471e-02 1.110149871e+00 1.639245664e-02 9.998615376e-01 -2.862353829e-03 1.573196091e+01 1.259648717e-02 2.655997023e-03 9.999171337e-01 8.646097291e-01
9.998057231e-01 -1.465141442e-02 -1.318530286e-02 1.120537963e+00 1.461368738e-02 9.998888535e-01 -2.953112983e-03 1.589435433e+01 1.322710464e-02 2.759853367e-03 9.999087093e-01 8.806100743e-01
9.997831011e-01 -1.633080669e-02 -1.292499231e-02 1.157645364e+00 1.629610696e-02 9.998633296e-01 -2.785487340e-03 1.605259636e+01 1.296871510e-02 2.574256114e-03 9.999125890e-01 8.993205424e-01
9.997589296e-01 -1.768112464e-02 -1.301769706e-02 1.146876223e+00 1.765832303e-02 9.998423413e-01 -1.864455898e-03 1.622492767e+01 1.304861038e-02 1.634135733e-03 9.999135279e-01 9.069766863e-01
9.997965220e-01 -1.463434027e-02 -1.388346952e-02 1.166026808e+00 1.460774634e-02 9.998912709e-01 -2.014994570e-03 1.638424724e+01 1.391144810e-02 1.811778361e-03 9.999015897e-01 9.221943397e-01
9.997949137e-01 -1.527689946e-02 -1.329461811e-02 1.172203204e+00 1.524557763e-02 9.998807676e-01 -2.454150354e-03 1.654560781e+01 1.333052477e-02 2.250962909e-03 9.999086110e-01 9.410355519e-01
9.997649076e-01 -1.681488910e-02 -1.368900939e-02 1.181825465e+00 1.678514916e-02 9.998565095e-01 -2.284549912e-03 1.671101174e+01 1.372545960e-02 2.054240767e-03 9.999036913e-01 9.478470227e-01
9.997863770e-01 -1.515774248e-02 -1.405144577e-02 1.207707304e+00 1.513313076e-02 9.998837646e-01 -1.856224521e-03 1.687532506e+01 1.407794867e-02 1.643185623e-03 9.998995506e-01 9.509672419e-01
9.998010946e-01 -1.432805552e-02 -1.387364399e-02 1.204400076e+00 1.430722936e-02 9.998963675e-01 -1.599226202e-03 1.702748814e+01 1.389512003e-02 1.400414701e-03 9.999024775e-01 9.560927702e-01
9.997646093e-01 -1.705626728e-02 -1.340931810e-02 1.229887693e+00 1.703807022e-02 9.998537608e-01 -1.470124188e-03 1.720175403e+01 1.343243196e-02 1.241309231e-03 9.999090103e-01 9.688087187e-01
9.997497115e-01 -1.733583176e-02 -1.414154745e-02 1.245826855e+00 1.731130197e-02 9.998484271e-01 -1.855169093e-03 1.737549373e+01 1.417156487e-02 1.609896167e-03 9.998982823e-01 9.718546056e-01
9.998364870e-01 -9.966112727e-03 -1.508893366e-02 1.250699425e+00 9.924946993e-03 9.999468245e-01 -2.800637909e-03 1.754249488e+01 1.511604277e-02 2.650423102e-03 9.998822333e-01 9.661284947e-01
9.998179569e-01 -1.150963305e-02 -1.521780219e-02 1.249185265e+00 1.146110668e-02 9.999289655e-01 -3.272168249e-03 1.768147622e+01 1.525438265e-02 3.097159719e-03 9.998788484e-01 9.716887348e-01
9.997062327e-01 -1.910355569e-02 -1.491651805e-02 1.280359857e+00 1.903922945e-02 9.998088673e-01 -4.442593598e-03 1.785595411e+01 1.499853635e-02 4.157289499e-03 9.998788731e-01 9.924186829e-01
9.997312552e-01 -1.785199423e-02 -1.478931274e-02 1.313651891e+00 1.776716050e-02 9.998250502e-01 -5.847827897e-03 1.803011905e+01 1.489112074e-02 5.583492231e-03 9.998735316e-01 9.836185027e-01
9.998444871e-01 -9.383245753e-03 -1.493172441e-02 1.287475816e+00 9.248349959e-03 9.999160279e-01 -9.077725914e-03 1.817735003e+01 1.501564909e-02 8.938220398e-03 9.998473076e-01 9.743918827e-01
9.998011645e-01 -1.408741039e-02 -1.411298385e-02 1.303336388e+00 1.394242452e-02 9.998495473e-01 -1.031947844e-02 1.833018261e+01 1.425623524e-02 1.012065735e-02 9.998471543e-01 9.527777650e-01
9.997694367e-01 -1.615733176e-02 -1.414263260e-02 1.317551383e+00 1.600611368e-02 9.998142000e-01 -1.074103222e-02 1.849431856e+01 1.431355132e-02 1.051218714e-02 9.998422956e-01 9.566394469e-01
9.998091291e-01 -1.341450691e-02 -1.420409850e-02 1.345952806e+00 1.324938676e-02 9.998442858e-01 -1.165580787e-02 1.866012812e+01 1.435824363e-02 1.146538752e-02 9.998311786e-01 9.425154941e-01
9.999103701e-01 -6.915725444e-03 -1.146405590e-02 1.327940734e+00 6.710855345e-03 9.998188000e-01 -1.781380557e-02 1.880738906e+01 1.158517400e-02 1.773527530e-02 9.997755967e-01 8.879059696e-01
9.997197318e-01 -8.160723732e-03 -2.222297249e-02 1.352263507e+00 7.125906407e-03 9.989043528e-01 -4.625273315e-02 1.897984700e+01 2.257607973e-02 4.608141115e-02 9.986825442e-01 1.083646199e+00
9.997273053e-01 -1.063947251e-02 -2.078741455e-02 1.377315134e+00 9.643053265e-03 9.988266055e-01 -4.745970470e-02 1.911236913e+01 2.126796894e-02 4.724630854e-02 9.986568279e-01 1.079032917e+00
9.997462635e-01 -6.613242332e-03 -2.153308328e-02 1.372818445e+00 5.584038121e-03 9.988551252e-01 -4.751060211e-02 1.930279060e+01 2.182262972e-02 4.737830537e-02 9.986386078e-01 1.096854382e+00
9.997317998e-01 -7.334917656e-03 -2.196650811e-02 1.396270476e+00 6.276955478e-03 9.988348062e-01 -4.785007494e-02 1.947279680e+01 2.229188923e-02 4.769935875e-02 9.986129595e-01 1.093473601e+00
9.997246268e-01 -7.249766407e-03 -2.231841150e-02 1.359338415e+00 6.186468018e-03 9.988592967e-01 -4.734799983e-02 1.961574820e+01 2.263621475e-02 4.719688932e-02 9.986290880e-01 1.090051330e+00
9.996796583e-01 -1.360150817e-02 -2.134431386e-02 1.384477739e+00 1.258242441e-02 9.988074433e-01 -4.717386877e-02 1.978620407e+01 2.196049532e-02 4.689019380e-02 9.986586235e-01 1.091219427e+00
9.995529449e-01 -1.996419188e-02 -2.225626723e-02 1.396125230e+00 1.892999123e-02 9.987736353e-01 -4.574801392e-02 1.995803262e+01 2.314229506e-02 4.530625110e-02 9.987050504e-01 1.121924041e+00
9.994568638e-01 -2.315953869e-02 -2.344383223e-02 1.385815819e+00 2.213969096e-02 9.988355626e-01 -4.286435597e-02 2.013849596e+01 2.440925207e-02 4.232203558e-02 9.988058038e-01 1.152682491e+00
9.992627010e-01 -3.246692939e-02 -2.049275177e-02 1.369129249e+00 3.176862834e-02 9.989327558e-01 -3.352765414e-02 2.030653707e+01 2.155942098e-02 3.285190762e-02 9.992276735e-01 1.171349288e+00
9.987102883e-01 -4.805691309e-02 -1.637965436e-02 1.361773567e+00 4.788436413e-02 9.987948340e-01 -1.076881246e-02 2.046401678e+01 1.687743004e-02 9.970594462e-03 9.998078513e-01 1.100215494e+00
9.984071974e-01 -5.356001371e-02 -1.773113400e-02 1.360877425e+00 5.339615132e-02 9.985273595e-01 -9.589757261e-03 2.065298789e+01 1.821864994e-02 8.627708357e-03 9.997968011e-01 1.101678252e+00
9.979631006e-01 -6.103918473e-02 -1.854366978e-02 1.329487757e+00 6.087673108e-02 9.981028664e-01 -9.202813511e-03 2.080967457e+01 1.907022220e-02 8.055190307e-03 9.997856973e-01 1.091476838e+00
9.973623457e-01 -6.976730730e-02 -2.002184337e-02 1.318588583e+00 6.963834623e-02 9.975472614e-01 -7.068379578e-03 2.097277315e+01 2.046587684e-02 5.655447575e-03 9.997745565e-01 1.106403870e+00
9.959978128e-01 -8.678021365e-02 -2.139044928e-02 1.299786980e+00 8.667440922e-02 9.962196536e-01 -5.826542549e-03 2.116103028e+01 2.181521458e-02 3.949219081e-03 9.997542198e-01 1.155148614e+00
9.949614708e-01 -9.793470201e-02 -2.145846816e-02 1.258548777e+00 9.781498044e-02 9.951829826e-01 -6.562073346e-03 2.130194007e+01 2.199775705e-02 4.430050504e-03 9.997482050e-01 1.178485082e+00
9.928334163e-01 -1.176447233e-01 -2.101253200e-02 1.243187822e+00 1.175618612e-01 9.930522567e-01 -5.140444481e-03 2.145177225e+01 2.147128849e-02 2.633332685e-03 9.997659973e-01 1.199118721e+00
9.903395679e-01 -1.370634697e-01 -2.100346253e-02 1.204649023e+00 1.369922762e-01 9.905604929e-01 -4.798563898e-03 2.160238292e+01 2.146290801e-02 1.874895557e-03 9.997678872e-01 1.214778888e+00
9.877377254e-01 -1.546323771e-01 -2.151775712e-02 1.178308072e+00 1.545438979e-01 9.879693305e-01 -5.725868948e-03 2.176322981e+01 2.214428882e-02 2.330218711e-03 9.997520695e-01 1.239303485e+00
9.849551383e-01 -1.715274894e-01 -2.101656418e-02 1.129029173e+00 1.714286626e-01 9.851755491e-01 -6.430474955e-03 2.192029532e+01 2.180800838e-02 2.730887859e-03 9.997584473e-01 1.229542212e+00
9.821340500e-01 -1.870378988e-01 -2.072516187e-02 1.103476271e+00 1.869314051e-01 9.823481782e-01 -6.979013251e-03 2.207519880e+01 2.166466498e-02 2.980142919e-03 9.997608519e-01 1.213184882e+00
9.781660394e-01 -2.067597488e-01 -2.101441472e-02 1.041713422e+00 2.066416702e-01 9.783866515e-01 -7.666836528e-03 2.221867986e+01 2.214541605e-02 3.156985364e-03 9.997497757e-01 1.199834095e+00
9.742829624e-01 -2.243294250e-01 -2.119005245e-02 9.910492310e-01 2.242131022e-01 9.745093626e-01 -7.745124707e-03 2.237509014e+01 2.238736388e-02 2.794855647e-03 9.997454650e-01 1.216969029e+00
9.695659090e-01 -2.438402084e-01 -2.199774838e-02 9.310933328e-01 2.437454701e-01 9.698144710e-01 -6.930913088e-03 2.252546480e+01 2.302377000e-02 1.358125527e-03 9.997339954e-01 1.245459451e+00
9.636612089e-01 -2.662133788e-01 -2.207965934e-02 8.657745051e-01 2.661215953e-01 9.639136862e-01 -7.049971255e-03 2.268005192e+01 2.315968250e-02 9.179096536e-04 9.997313572e-01 1.263853973e+00
9.571642969e-01 -2.886782804e-01 -2.239105039e-02 8.233179674e-01 2.885900367e-01 9.574260841e-01 -7.147316751e-03 2.282149897e+01 2.350105080e-02 3.793223596e-04 9.997237402e-01 1.277808741e+00
9.515317723e-01 -3.067413653e-01 -2.229397200e-02 7.564961509e-01 3.066552876e-01 9.517929022e-01 -7.266760708e-03 2.298356539e+01 2.344826042e-02 7.798929793e-05 9.997250487e-01 1.262615631e+00
9.460292982e-01 -3.232785620e-01 -2.279338359e-02 6.852403742e-01 3.231679197e-01 9.463036178e-01 -8.482837776e-03 2.313499625e+01 2.431178095e-02 6.589227107e-04 9.997042078e-01 1.259963584e+00
9.386701564e-01 -3.440992004e-01 -2.222785859e-02 5.963088257e-01 3.439822816e-01 9.389329521e-01 -9.005634337e-03 2.326766803e+01 2.396930046e-02 8.073306784e-04 9.997123691e-01 1.258668755e+00
9.313412501e-01 -3.634641261e-01 -2.230033442e-02 5.311828602e-01 3.633615453e-01 9.316081930e-01 -8.634934397e-03 2.341730483e+01 2.391366314e-02 -6.101338083e-05 9.997140256e-01 1.261642826e+00
9.226626432e-01 -3.849438875e-01 -2.262410840e-02 4.593809518e-01 3.848341377e-01 9.229399512e-01 -9.194178776e-03 2.355536193e+01 2.441993643e-02 -2.234039556e-04 9.997017639e-01 1.273070584e+00
9.118085501e-01 -4.099688724e-01 -2.303674723e-02 3.726457498e-01 4.099050124e-01 9.120961668e-01 -7.646129156e-03 2.370039746e+01 2.414640379e-02 -2.471072219e-03 9.997053791e-01 1.281167933e+00
9.040862861e-01 -4.267131196e-01 -2.332167984e-02 2.928253960e-01 4.266382481e-01 9.043838432e-01 -8.346818177e-03 2.384311981e+01 2.465344726e-02 -2.403676781e-03 9.996931679e-01 1.274649620e+00
8.949715493e-01 -4.455201771e-01 -2.318831167e-02 2.032886354e-01 4.454317933e-01 8.952693024e-01 -9.132015416e-03 2.396349918e+01 2.482828074e-02 -2.155917268e-03 9.996894060e-01 1.279947575e+00
8.830951304e-01 -4.686104593e-01 -2.339290636e-02 1.116839419e-01 4.685286791e-01 8.834003649e-01 -9.201753456e-03 2.410148768e+01 2.497733993e-02 -2.834223848e-03 9.996839999e-01 1.284929156e+00
8.718690396e-01 -4.892067745e-01 -2.282782395e-02 2.310998945e-02 4.891254528e-01 8.721627800e-01 -9.400880635e-03 2.422391164e+01 2.450855289e-02 -2.969332953e-03 9.996952105e-01 1.282294462e+00
8.599285495e-01 -5.098614282e-01 -2.375318548e-02 -6.282003969e-02 5.097876266e-01 8.602476037e-01 -9.520301894e-03 2.435034069e+01 2.528765561e-02 -3.922300651e-03 9.996725214e-01 1.314668179e+00
8.494239210e-01 -5.271474958e-01 -2.438278290e-02 -1.781667728e-01 5.270657982e-01 8.497634297e-01 -1.018616449e-02 2.447890336e+01 2.608920832e-02 -4.198959150e-03 9.996508000e-01 1.308972033e+00
8.352177642e-01 -5.494167414e-01 -2.350597066e-02 -2.903211632e-01 5.493328986e-01 8.355380549e-01 -1.046543247e-02 2.458679812e+01 2.539001682e-02 -4.171687887e-03 9.996689172e-01 1.309530700e+00
8.228118880e-01 -5.678294451e-01 -2.345886134e-02 -3.681288944e-01 5.677602608e-01 8.231312824e-01 -1.015766695e-02 2.471380455e+01 2.507754501e-02 -4.961160116e-03 9.996731984e-01 1.325882732e+00
8.109759178e-01 -5.845848607e-01 -2.405413687e-02 -4.922526690e-01 5.845078201e-01 8.113155188e-01 -1.085067786e-02 2.484221837e+01 2.585863654e-02 -5.260192666e-03 9.996517700e-01 1.324021266e+00
8.008076753e-01 -5.984235409e-01 -2.441992836e-02 -6.026405114e-01 5.983129695e-01 8.011663162e-01 -1.241468118e-02 2.497145298e+01 2.699366152e-02 -4.668987873e-03 9.996247010e-01 1.302114245e+00
7.861503808e-01 -6.175369859e-01 -2.481229182e-02 -7.130231219e-01 6.174584511e-01 7.865175633e-01 -1.162685839e-02 2.505135330e+01 2.669531839e-02 -6.180100124e-03 9.996245127e-01 1.336583014e+00
7.708189262e-01 -6.365496679e-01 -2.535159312e-02 -8.098268000e-01 6.364789954e-01 7.712036365e-01 -1.180844445e-02 2.517594046e+01 2.706790220e-02 -7.033584047e-03 9.996088522e-01 1.359848959e+00
7.593897895e-01 -6.501008893e-01 -2.638145804e-02 -9.450625269e-01 6.500239949e-01 7.598098157e-01 -1.256383573e-02 2.528250269e+01 2.821265156e-02 -7.607732176e-03 9.995729932e-01 1.348464229e+00
7.444920074e-01 -6.671236469e-01 -2.603249232e-02 -1.065324363e+00 6.670641259e-01 7.449007727e-01 -1.217746698e-02 2.538719564e+01 2.751549983e-02 -8.299314900e-03 9.995869240e-01 1.348875147e+00
7.254719556e-01 -6.877427806e-01 -2.646335966e-02 -1.189942909e+00 6.877146021e-01 7.258885007e-01 -1.159787143e-02 2.545507701e+01 2.718580081e-02 -9.785308395e-03 9.995825028e-01 1.372238703e+00
7.118697502e-01 -7.017778994e-01 -2.737222333e-02 -1.300893876e+00 7.017602161e-01 7.123144668e-01 -1.186167756e-02 2.558760869e+01 2.782189383e-02 -1.076476792e-02 9.995549320e-01 1.344542685e+00
6.996024065e-01 -7.119803434e-01 -6.033625309e-02 -1.420272024e+00 7.121418530e-01 7.016729980e-01 -2.256069660e-02 2.568593575e+01 5.839909211e-02 -2.718445345e-02 9.979231190e-01 1.386167811e+00
6.830041459e-01 -7.279118921e-01 -6.041203615e-02 -1.556098440e+00 7.280603611e-01 6.851053308e-01 -2.363887388e-02 2.576042443e+01 5.859562542e-02 -2.783815999e-02 9.978935763e-01 1.384748904e+00
6.650228335e-01 -7.443766100e-01 -6.039944799e-02 -1.677328543e+00 7.445802056e-01 6.671168994e-01 -2.356607679e-02 2.585233032e+01 5.783552883e-02 -2.930025424e-02 9.978960601e-01 1.398050033e+00
6.479623428e-01 -7.592493100e-01 -6.070656920e-02 -1.804886820e+00 7.595418528e-01 6.500514630e-01 -2.300585177e-02 2.593360145e+01 5.692957120e-02 -3.120225444e-02 9.978904966e-01 1.403692245e+00
6.295685554e-01 -7.745798448e-01 -6.057638154e-02 -1.945399384e+00 7.748943532e-01 6.316564276e-01 -2.342858847e-02 2.602557758e+01 5.641077318e-02 -3.219039339e-02 9.978885726e-01 1.406811563e+00
6.108852868e-01 -7.895113388e-01 -5.908478959e-02 -2.084110889e+00 7.898267370e-01 6.128824813e-01 -2.342625813e-02 2.610032077e+01 5.470732887e-02 -3.235599015e-02 9.979780549e-01 1.412287196e+00
5.911069794e-01 -8.044005807e-01 -5.943269083e-02 -2.212513628e+00 8.047565136e-01 5.931274725e-01 -2.380661929e-02 2.619426219e+01 5.440122008e-02 -3.375658625e-02 9.979483955e-01 1.457280818e+00
5.711097666e-01 -8.186969484e-01 -5.974061560e-02 -2.346566578e+00 8.190982921e-01 5.731473144e-01 -2.408617451e-02 2.624959378e+01 5.395945096e-02 -3.517758670e-02 9.979233012e-01 1.466566451e+00
5.548079725e-01 -8.297623242e-01 -6.068442159e-02 -2.492706413e+00 8.301549163e-01 5.569439673e-01 -2.561703153e-02 2.632104328e+01 5.505387014e-02 -3.616493760e-02 9.978282260e-01 1.456006722e+00
5.448354564e-01 -8.364203721e-01 -5.962622374e-02 -2.634398287e+00 8.365599592e-01 5.470584471e-01 -2.990802707e-02 2.639392562e+01 5.763471250e-02 -3.358595772e-02 9.977726311e-01 1.430570273e+00
5.279053701e-01 -8.474627811e-01 -5.588161509e-02 -2.788612266e+00 8.472846499e-01 5.300431372e-01 -3.410270843e-02 2.643956217e+01 5.852044270e-02 -2.934463177e-02 9.978548243e-01 1.409251861e+00
5.094943335e-01 -8.586468311e-01 -5.604590579e-02 -2.916374038e+00 8.585290978e-01 5.116400901e-01 -3.394416632e-02 2.651368504e+01 5.782138314e-02 -3.082268053e-02 9.978510159e-01 1.420087158e+00
4.910946137e-01 -8.692631639e-01 -5.663596234e-02 -3.066999196e+00 8.691789680e-01 4.932938099e-01 -3.448389136e-02 2.657302536e+01 5.791374614e-02 -3.229193399e-02 9.977991927e-01 1.441390914e+00
4.683372423e-01 -8.816893636e-01 -5.730701129e-02 -3.201898991e+00 8.817327941e-01 4.705474803e-01 -3.365038719e-02 2.662025268e+01 5.663485824e-02 -3.476974165e-02 9.977893354e-01 1.464543112e+00
4.503660121e-01 -8.910277682e-01 -5.692074818e-02 -3.325374916e+00 8.910695985e-01 4.525739398e-01 -3.423155981e-02 2.668532866e+01 5.626211760e-02 -3.530361715e-02 9.977916760e-01 1.466859797e+00
4.396649601e-01 -8.964509906e-01 -5.541068827e-02 -3.477823901e+00 8.963808145e-01 4.418405512e-01 -3.575419938e-02 2.672645179e+01 5.653457650e-02 -3.394920924e-02 9.978232774e-01 1.435117031e+00
4.163318071e-01 -9.075073955e-01 -5.566105907e-02 -3.636241509e+00 9.074769494e-01 4.185386159e-01 -3.620791677e-02 2.676825333e+01 5.615525487e-02 -3.543662067e-02 9.977929812e-01 1.436421226e+00
4.024750159e-01 -9.137380028e-01 -5.564821558e-02 -3.773649483e+00 9.137397605e-01 4.046819123e-01 -3.622429989e-02 2.684278889e+01 5.561934573e-02 -3.626861151e-02 9.977931029e-01 1.444447880e+00
3.871469441e-01 -9.203422368e-01 -5.556447474e-02 -3.934104718e+00 9.203812976e-01 3.893465054e-01 -3.616027807e-02 2.687348523e+01 5.491366527e-02 -3.714116221e-02 9.978000919e-01 1.442856646e+00
3.662444061e-01 -9.288430911e-01 -5.581708647e-02 -4.073915914e+00 9.289434156e-01 3.684549080e-01 -3.612632451e-02 2.690997208e+01 5.412176638e-02 -3.861985069e-02 9.977872226e-01 1.477964625e+00
3.477262118e-01 -9.359564799e-01 -5.542516953e-02 -4.230290566e+00 9.360442360e-01 3.499433368e-01 -3.688969175e-02 2.695769943e+01 5.392281480e-02 -3.905289770e-02 9.977811389e-01 1.462023036e+00
3.388507016e-01 -9.392589881e-01 -5.452298032e-02 -4.373081523e+00 9.391093541e-01 3.411724568e-01 -4.092646785e-02 2.700754505e+01 5.704229193e-02 -3.733507849e-02 9.976734280e-01 1.460527017e+00
3.253996874e-01 -9.441234759e-01 -5.240138997e-02 -4.517355934e+00 9.438080593e-01 3.276797425e-01 -4.303874518e-02 2.702506777e+01 5.780476367e-02 -3.545205995e-02 9.976982313e-01 1.414287223e+00
3.074173811e-01 -9.501246784e-01 -5.251332509e-02 -4.669119005e+00 9.499150914e-01 3.096714894e-01 -4.201056805e-02 2.705496691e+01 5.617715705e-02 -3.696842119e-02 9.977361690e-01 1.441951700e+00
2.936298190e-01 -9.544004704e-01 -5.386345336e-02 -4.826193896e+00 9.542758651e-01 2.959619146e-01 -4.200140973e-02 2.710529281e+01 5.602769599e-02 -3.906772721e-02 9.976645779e-01 1.446447225e+00
2.809446277e-01 -9.582367235e-01 -5.340878210e-02 -4.999387553e+00 9.581136264e-01 2.832610319e-01 -4.220742385e-02 2.713260875e+01 5.557333027e-02 -3.931373292e-02 9.976803272e-01 1.442788206e+00
2.595111729e-01 -9.642208004e-01 -5.414978460e-02 -5.136778013e+00 9.642016359e-01 2.618538275e-01 -4.180643812e-02 2.717105589e+01 5.448996559e-02 -4.136207310e-02 9.976572671e-01 1.483831207e+00
2.454418788e-01 -9.679049134e-01 -5.402187311e-02 -5.281394396e+00 9.678963836e-01 2.477917302e-01 -4.214082382e-02 2.720689941e+01 5.417448383e-02 -4.194445265e-02 9.976501332e-01 1.475320619e+00
2.349920150e-01 -9.704842057e-01 -5.421401373e-02 -5.429659865e+00 9.705039617e-01 2.373563250e-01 -4.223784260e-02 2.722495148e+01 5.385919819e-02 -4.268935936e-02 9.976356075e-01 1.458598339e+00
2.208538108e-01 -9.738191569e-01 -5.385019905e-02 -5.611860381e+00 9.738543553e-01 2.232007774e-01 -4.229784475e-02 2.722772956e+01 5.320985781e-02 -4.310061067e-02 9.976527695e-01 1.467944878e+00
2.048411769e-01 -9.773130238e-01 -5.384557395e-02 -5.733903243e+00 9.773884555e-01 2.071853964e-01 -4.226131398e-02 2.725317142e+01 5.245854914e-02 -4.397118506e-02 9.976545672e-01 1.474807191e+00
1.939332534e-01 -9.795365093e-01 -5.383419115e-02 -5.893625968e+00 9.796225143e-01 1.962887499e-01 -4.254945597e-02 2.729567698e+01 5.224579166e-02 -4.448543126e-02 9.976429339e-01 1.462976898e+00
1.799937287e-01 -9.821980181e-01 -5.375231065e-02 -6.046163573e+00 9.823092857e-01 1.823474663e-01 -4.263647297e-02 2.729879666e+01 5.167905690e-02 -4.512709613e-02 9.976436339e-01 1.460843262e+00
1.652468767e-01 -9.847952362e-01 -5.358929395e-02 -6.211009488e+00 9.849301140e-01 1.675941162e-01 -4.271864625e-02 2.732495775e+01 5.105036968e-02 -4.572258653e-02 9.976488886e-01 1.487092796e+00
1.522876340e-01 -9.869633214e-01 -5.207570142e-02 -6.356397718e+00 9.870684738e-01 1.545489214e-01 -4.254948693e-02 2.735290082e+01 5.004302643e-02 -4.492252243e-02 9.977362690e-01 1.474899447e+00
1.369673202e-01 -9.892689181e-01 -5.086217469e-02 -6.503889144e+00 9.894675683e-01 1.390615244e-01 -4.019730919e-02 2.730469872e+01 4.683892013e-02 -4.482075459e-02 9.978963952e-01 1.443828950e+00
