1.000000000e+00 0.000000000e+00 0.000000000e+00 0.000000000e+00 0.000000000e+00 1.000000000e+00 0.000000000e+00 0.000000000e+00 0.000000000e+00 0.000000000e+00 1.000000000e+00 0.000000000e+00
9.999999987e-01 3.258743041e-05 -3.808806296e-05 4.060708328e-04 -3.258748912e-05 9.999999995e-01 -1.540971816e-06 2.696338160e-02 3.808801273e-05 1.542213008e-06 9.999999993e-01 -2.695057537e-04
9.999999711e-01 -2.216675514e-04 -9.270342393e-05 1.798306566e-03 2.216638945e-04 9.999999747e-01 -3.945561967e-05 2.692155571e-02 9.271216761e-05 3.943506953e-05 9.999999949e-01 -1.890149540e-03
9.999999844e-01 -1.610468592e-04 -7.253781800e-05 1.523422972e-03 1.610495936e-04 9.999999863e-01 3.769060580e-05 1.928772469e-02 7.253174706e-05 -3.770228740e-05 9.999999967e-01 -2.971570721e-03
9.999999138e-01 -4.147349122e-04 -1.790966196e-05 4.836135110e-03 4.147351446e-04 9.999999139e-01 1.297191701e-05 9.353356010e-03 1.790428051e-05 -1.297934366e-05 9.999999998e-01 -8.486084882e-04
9.999999358e-01 -3.576972002e-04 2.046972788e-05 4.984191081e-03 3.576971787e-04 9.999999360e-01 1.052160064e-06 6.724054482e-03 -2.047010293e-05 -1.044838032e-06 9.999999998e-01 1.123307777e-03
9.999999993e-01 -3.630512464e-05 1.295721233e-05 8.918351483e-04 3.630485372e-05 9.999999991e-01 2.090865331e-05 1.648738289e-02 -1.295797141e-05 -2.090818289e-05 9.999999997e-01 9.720871058e-04
9.999999610e-01 -2.785338978e-04 -2.098926881e-05 1.895503721e-03 2.785344972e-04 9.999999608e-01 2.856104297e-05 1.527519868e-02 2.098131276e-05 -2.856688809e-05 9.999999994e-01 -3.361469936e-04
9.999999892e-01 -1.339194750e-04 -5.989480165e-05 -5.443703069e-04 1.339192366e-04 9.999999910e-01 -3.983432431e-06 2.023473978e-02 5.989533457e-05 3.975411323e-06 9.999999982e-01 -1.961883295e-03
9.999999488e-01 -3.156627922e-04 -5.247784447e-05 2.301427637e-03 3.156603676e-04 9.999999491e-01 -4.620585222e-05 1.363067473e-02 5.249242727e-05 4.618928468e-05 9.999999976e-01 -1.898918928e-03
9.999999979e-01 -6.478312463e-05 -4.351993540e-06 3.149154788e-03 6.478303213e-05 9.999999977e-01 -2.125193375e-05 8.185071402e-03 4.353370297e-06 2.125165177e-05 9.999999998e-01 1.324548586e-04
9.999999651e-01 2.641248350e-04 3.411175089e-06 -1.556197759e-03 -2.641250005e-04 9.999999639e-01 4.862797150e-05 1.764021608e-02 -3.398331111e-06 -4.862887078e-05 9.999999988e-01 5.513987039e-04
9.999999862e-01 -1.642824793e-04 -2.608501692e-05 -8.071706576e-04 1.642833738e-04 9.999999859e-01 3.429254081e-05 1.654453031e-02 2.607938288e-05 -3.429682567e-05 9.999999991e-01 8.915484153e-05
9.999999217e-01 -3.939954523e-04 -3.710764486e-05 4.850159968e-03 3.939953878e-04 9.999999224e-01 -1.743787538e-06 1.579238024e-02 3.710832902e-05 1.729167161e-06 9.999999993e-01 -7.141147039e-04
9.999999986e-01 -3.730066375e-05 -3.681227568e-05 3.221383965e-03 3.729944846e-05 9.999999988e-01 -3.301334719e-05 1.607068305e-02 3.681350705e-05 3.301197407e-05 9.999999988e-01 -1.065698610e-03
9.999999997e-01 8.830015974e-06 -2.108456110e-05 -2.232197629e-03 -8.830372597e-06 9.999999998e-01 -1.691388764e-05 1.459350426e-02 2.108441175e-05 1.691407382e-05 9.999999996e-01 -3.252256375e-04
9.999999919e-01 -1.265173370e-04 -1.600483057e-05 -7.720128710e-04 1.265175407e-04 9.999999919e-01 1.272926558e-05 1.358098850e-02 1.600321997e-05 -1.273129037e-05 9.999999998e-01 1.111387249e-04
9.999999941e-01 -1.054789875e-04 -2.699886779e-05 1.373564033e-03 1.054801195e-04 9.999999936e-01 4.192710745e-05 2.122900735e-02 2.699444518e-05 -4.192995504e-05 9.999999988e-01 -5.432119891e-04
9.999999314e-01 -3.697123953e-04 -2.317548846e-05 4.630055112e-03 3.697127073e-04 9.999999316e-01 1.345772961e-05 1.657492297e-02 2.317051138e-05 -1.346629696e-05 9.999999996e-01 -3.830883354e-04
9.999999998e-01 6.971576617e-06 -2.057839254e-05 3.210509158e-03 -6.972008414e-06 9.999999998e-01 -2.098305086e-05 1.099679913e-02 2.057824625e-05 2.098319433e-05 9.999999996e-01 -4.779489459e-04
9.999999751e-01 -2.222432585e-04 -1.836566140e-05 2.263073078e-03 2.222429728e-04 9.999999752e-01 -1.555659938e-05 1.401657092e-02 1.836911829e-05 1.555251735e-05 9.999999997e-01 -6.601350066e-04
9.999999264e-01 -3.831799048e-04 -1.951753705e-05 2.115065689e-03 3.831800463e-04 9.999999266e-01 7.245601735e-06 1.844863874e-02 1.951475924e-05 -7.253079932e-06 9.999999998e-01 -5.626299238e-04
9.999999985e-01 -4.855999026e-05 -2.458903662e-05 3.152438431e-04 4.856031002e-05 9.999999987e-01 1.300367947e-05 1.643787309e-02 2.458840513e-05 -1.300487351e-05 9.999999996e-01 3.565055621e-05
9.999999761e-01 2.181043112e-04 -1.700510479e-05 -1.827440573e-03 -2.181040952e-04 9.999999761e-01 1.270291496e-05 1.334515213e-02 1.700787494e-05 -1.269920577e-05 9.999999998e-01 4.432540747e-04
9.999999918e-01 1.277624302e-04 -8.087701180e-06 -2.606953370e-03 -1.277623861e-04 9.999999918e-01 5.450958955e-06 1.269027935e-02 8.088397542e-06 -5.449925607e-06 1.000000000e+00 3.604763197e-04
9.999999992e-01 -2.424037667e-05 -3.030219149e-05 2.153387521e-03 2.424034053e-05 9.999999997e-01 -1.192990858e-06 1.789368035e-02 3.030222040e-05 1.192256322e-06 9.999999995e-01 -8.640043579e-04
9.999999848e-01 1.726315349e-04 -2.339452798e-05 2.792757607e-03 -1.726314245e-04 9.999999851e-01 4.720701262e-06 2.067225238e-02 2.339534258e-05 -4.716662560e-06 9.999999997e-01 -7.867360575e-04
9.999999922e-01 1.239897810e-04 -1.566926420e-05 -1.423372037e-03 -1.239896812e-04 9.999999923e-01 6.373531581e-06 1.810890414e-02 1.567005433e-05 -6.371588705e-06 9.999999999e-01 -1.147591850e-04
9.999999718e-01 -2.371077739e-04 -9.039143894e-06 3.235050122e-03 2.371079649e-04 9.999999717e-01 2.114132740e-05 1.595794490e-02 9.034130864e-06 -2.114347005e-05 9.999999997e-01 -1.077350983e-05
9.999999875e-01 -1.549978232e-04 -3.074556850e-05 1.160553424e-03 1.549979205e-04 9.999999880e-01 3.163212978e-06 1.528376993e-02 3.074507784e-05 -3.167978438e-06 9.999999995e-01 -5.284767302e-04
9.999999476e-01 -3.226842059e-04 -2.434248451e-05 1.863603355e-03 3.226841479e-04 9.999999479e-01 -2.386150459e-06 1.641384569e-02 2.434325322e-05 2.378295401e-06 9.999999997e-01 -4.134082782e-04
9.999998216e-01 -5.973626994e-04 -7.127962728e-06 3.851297542e-03 5.973627228e-04 9.999998216e-01 3.271669576e-06 1.515689562e-02 7.126007083e-06 -3.275926971e-06 1.000000000e+00 -3.519609086e-05
9.999999240e-01 -3.889070093e-04 -2.632701025e-05 4.084878936e-03 3.889072670e-04 9.999999243e-01 9.782861835e-06 1.980074609e-02 2.632320364e-05 -9.793099857e-06 9.999999996e-01 -4.373838157e-04
9.999999596e-01 -2.827354754e-04 -2.802216043e-05 5.336846442e-03 2.827359151e-04 9.999999599e-01 1.569027815e-05 1.808726365e-02 2.801772310e-05 -1.569820039e-05 9.999999995e-01 -5.784373974e-04
9.999999252e-01 -3.862810109e-04 -2.190254371e-05 6.477515421e-03 3.862811660e-04 9.999999254e-01 7.075456730e-06 1.421192015e-02 2.189980896e-05 -7.083916740e-06 9.999999997e-01 -6.763853519e-04
9.999999924e-01 -1.231195164e-04 -4.463836852e-06 2.249620804e-03 1.231195084e-04 9.999999924e-01 -1.780998644e-06 1.102648708e-02 4.464056094e-06 1.780449045e-06 1.000000000e+00 1.569297806e-04
9.999999799e-01 1.994333005e-04 -2.286796043e-05 -2.992525807e-04 -1.994331657e-04 9.999999801e-01 5.900238236e-06 1.829597810e-02 2.286913668e-05 -5.895677487e-06 9.999999997e-01 -2.462451958e-04
9.999999660e-01 2.580187852e-04 -3.788381462e-05 -2.934303909e-03 -2.580183545e-04 9.999999666e-01 1.137280760e-05 2.154609292e-02 3.788674776e-05 -1.136303249e-05 9.999999992e-01 -5.246868580e-04
9.999998743e-01 -5.010234310e-04 -1.962030634e-05 2.808315818e-03 5.010236251e-04 9.999998744e-01 9.892110721e-06 1.366315978e-02 1.961534769e-05 -9.901939715e-06 9.999999998e-01 -2.040789772e-04
9.999998679e-01 -5.138916887e-04 -1.003455511e-05 5.183800148e-03 5.138917935e-04 9.999998679e-01 1.044498626e-05 1.732628730e-02 1.002918620e-05 -1.045014155e-05 9.999999999e-01 1.385118765e-04
9.999999751e-01 -2.231714989e-04 -5.768203656e-06 3.215771047e-03 2.231716457e-04 9.999999748e-01 2.546205642e-05 2.095836163e-02 5.762521105e-06 -2.546334308e-05 9.999999997e-01 2.895428023e-04
9.999999915e-01 -1.297146856e-04 -1.130408233e-05 3.619725813e-04 1.297150018e-04 9.999999912e-01 2.797473483e-05 2.065578534e-02 1.130045349e-05 -2.797620090e-05 9.999999995e-01 1.102515046e-04
9.999999949e-01 -9.861503165e-05 -2.238597905e-05 1.598079801e-04 9.861538381e-05 9.999999950e-01 1.573057018e-05 2.107985253e-02 2.238442767e-05 -1.573277770e-05 9.999999996e-01 -3.070290841e-04
9.999999339e-01 -3.623044248e-04 -3.019990870e-05 3.663238078e-03 3.623041159e-04 9.999999343e-01 -1.023232919e-05 1.264251091e-02 3.020361393e-05 1.022138696e-05 9.999999995e-01 -7.924930737e-04
9.999999993e-01 -5.161525183e-06 -3.580679539e-05 3.996964506e-03 5.160824342e-06 9.999999998e-01 -1.957290711e-05 1.342487261e-02 3.580689641e-05 1.957272230e-05 9.999999992e-01 -1.010280774e-03
9.999999919e-01 1.257110940e-04 -2.146864649e-05 2.097619635e-03 -1.257108470e-04 9.999999920e-01 1.150592193e-05 1.650371759e-02 2.147009274e-05 -1.150322300e-05 9.999999997e-01 -2.408832820e-04
9.999999994e-01 3.326669510e-05 -1.312134803e-05 -2.385174769e-03 -3.326635219e-05 9.999999991e-01 2.613249701e-05 1.984549647e-02 1.312221736e-05 -2.613206049e-05 9.999999996e-01 6.454243314e-04
9.999999420e-01 -3.405047013e-04 -3.075550240e-06 2.473871305e-03 3.405048146e-04 9.999999413e-01 3.693508798e-05 1.670817620e-02 3.062973489e-06 -3.693613308e-05 9.999999993e-01 8.712875075e-04
9.999999527e-01 -3.067649887e-04 -2.152899535e-05 6.801916541e-03 3.067652998e-04 9.999999528e-01 1.444937302e-05 1.523518461e-02 2.152456177e-05 -1.445597668e-05 9.999999997e-01 -3.601834389e-04
9.999999782e-01 -2.059927574e-04 -3.280098304e-05 7.025961649e-03 2.059922234e-04 9.999999787e-01 -1.628278991e-05 1.416738905e-02 3.280433648e-05 1.627603281e-05 9.999999993e-01 -1.243882515e-03
9.999999496e-01 -3.164039581e-04 -2.468632418e-05 3.337118853e-03 3.164036176e-04 9.999999498e-01 -1.379701861e-05 1.625755707e-02 2.469068837e-05 1.378920708e-05 9.999999996e-01 -9.533056188e-04
9.999999984e-01 -5.549277032e-05 -1.109154600e-05 -4.392343881e-04 5.549298304e-05 9.999999983e-01 1.917914351e-05 1.973878181e-02 1.109048168e-05 -1.917975899e-05 9.999999998e-01 2.795504942e-04
9.999999979e-01 -5.894016807e-05 -2.685140257e-05 -8.262423288e-04 5.894092844e-05 9.999999979e-01 2.831796287e-05 1.603340698e-02 2.684973345e-05 -2.831954546e-05 9.999999992e-01 3.135692162e-04
9.999999862e-01 -1.638285216e-04 -2.766352241e-05 6.322748503e-04 1.638289962e-04 9.999999864e-01 1.715415806e-05 1.353031233e-02 2.766071169e-05 -1.715868991e-05 9.999999995e-01 1.649472005e-04
9.999999548e-01 -2.999210366e-04 -2.306376295e-05 1.678905888e-03 2.999211443e-04 9.999999550e-01 4.669912036e-06 1.343066010e-02 2.306236130e-05 -4.676829135e-06 9.999999997e-01 -2.477390695e-04
9.999999321e-01 -3.680618372e-04 -1.929632907e-05 6.509902564e-03 3.680616925e-04 9.999999322e-01 -7.500213817e-06 1.354548317e-02 1.929908830e-05 7.493111068e-06 9.999999998e-01 -6.387774747e-04
9.999999998e-01 6.687606488e-06 -2.130642438e-05 1.743535195e-04 -6.686781026e-06 9.999999992e-01 3.874221519e-05 1.714315308e-02 2.130668346e-05 -3.874207270e-05 9.999999990e-01 -3.477247427e-04
9.999999976e-01 -6.121749319e-05 -3.220621546e-05 4.134070003e-04 6.121851528e-05 9.999999976e-01 3.173575365e-05 1.571673793e-02 3.220427260e-05 -3.173772519e-05 9.999999990e-01 -2.816676605e-04
9.999999563e-01 -2.942212039e-04 -2.950717075e-05 4.670490293e-03 2.942213118e-04 9.999999567e-01 3.653535699e-06 1.025962691e-02 2.950609452e-05 -3.662217178e-06 9.999999996e-01 -3.007669580e-04
9.999999850e-01 -1.727912118e-04 -8.683054736e-06 1.155542841e-02 1.727911545e-04 9.999999850e-01 -6.593766787e-06 1.297113475e-02 8.684193951e-06 6.592266333e-06 9.999999999e-01 2.153260415e-04
9.999999964e-01 8.451879558e-05 -8.745192184e-06 2.033769433e-02 -8.451874029e-05 9.999999964e-01 6.322322310e-06 1.735535410e-02 8.745726508e-06 -6.321583154e-06 9.999999999e-01 2.387235615e-04
9.999999925e-01 -1.183365234e-04 -3.270738975e-05 3.444404360e-02 1.183370319e-04 9.999999929e-01 1.554521890e-05 1.321803988e-02 3.270554995e-05 -1.554908928e-05 9.999999993e-01 -3.019289798e-04
9.999998791e-01 -4.904488416e-04 -3.627927431e-05 5.479094102e-02 4.904494336e-04 9.999998796e-01 1.630887968e-05 1.390955438e-02 3.627127127e-05 -1.632667086e-05 9.999999992e-01 -3.513848678e-04
9.999998731e-01 -5.025080307e-04 -3.579420366e-05 7.364849000e-02 5.025082497e-04 9.999998737e-01 6.109805760e-06 1.772084279e-02 3.579112891e-05 -6.127791867e-06 9.999999993e-01 -5.875787191e-04
9.999998860e-01 -4.754524640e-04 -4.307444073e-05 8.916241197e-02 4.754513567e-04 9.999998866e-01 -2.571225205e-05 1.949633276e-02 4.308666080e-05 2.569176932e-05 9.999999987e-01 -6.868547702e-05
9.999999946e-01 -8.583812700e-05 -5.942607079e-05 1.109795735e-01 8.583733869e-05 9.999999962e-01 -1.326768910e-05 1.708708368e-02 5.942720944e-05 1.326258806e-05 9.999999981e-01 -6.615503960e-04
9.999999669e-01 2.547606783e-04 -3.492484409e-05 1.358400071e-01 -2.547620312e-04 9.999999668e-01 -3.873861824e-05 1.596598421e-02 3.491497386e-05 3.874751449e-05 9.999999986e-01 1.251416353e-04
9.999999819e-01 1.898987202e-04 -1.280205171e-05 1.699797289e-01 -1.898988616e-04 9.999999819e-01 -1.104490258e-05 1.820089239e-02 1.279995407e-05 1.104733348e-05 9.999999999e-01 8.259358822e-04
9.999999492e-01 3.182476800e-04 -1.635930792e-05 2.181125968e-01 -3.182469586e-04 9.999999484e-01 4.408107419e-05 1.942943428e-02 1.637333578e-05 -4.407586566e-05 9.999999989e-01 3.754311268e-04
9.999999356e-01 3.588617956e-04 -1.466471661e-06 3.095314110e-01 -3.588618086e-04 9.999999356e-01 -8.857189421e-06 1.740431805e-02 1.463293059e-06 8.857715111e-06 1.000000000e+00 1.075361224e-04
9.999999253e-01 3.864817122e-04 4.206179586e-06 3.858047034e-01 -3.864816972e-04 9.999999253e-01 -3.564375741e-06 8.784578457e-03 -4.207556838e-06 3.562749863e-06 1.000000000e+00 3.414564361e-04
9.999995895e-01 9.054311138e-04 -3.329366727e-05 4.381849800e-01 -9.054308395e-04 9.999995901e-01 8.252584858e-06 1.363783405e-02 3.330112577e-05 -8.222436357e-06 9.999999994e-01 6.717064136e-04
9.999986769e-01 1.625330076e-03 -6.641575020e-05 4.781655969e-01 -1.625328751e-03 9.999986790e-01 2.000235999e-05 1.471923572e-02 6.644817290e-05 -1.989438610e-05 9.999999976e-01 1.450187230e-03
9.999978847e-01 2.055821580e-03 -6.418870959e-05 5.286571169e-01 -2.055823260e-03 9.999978865e-01 -2.611727371e-05 8.444770431e-03 6.413488147e-05 2.624917910e-05 9.999999976e-01 2.255046477e-03
9.999956495e-01 2.946883475e-03 -1.295222932e-04 5.921737416e-01 -2.946888189e-03 9.999956573e-01 -3.622422551e-05 5.292130280e-03 1.294149822e-04 3.660575563e-05 9.999999910e-01 8.064243857e-04
9.999933385e-01 3.645662631e-03 -1.794155987e-04 6.774616260e-01 -3.645676083e-03 9.999933517e-01 -7.470790913e-05 1.550816005e-03 1.791420461e-04 7.536150261e-05 9.999999811e-01 -3.011511115e-04
9.999894724e-01 4.585265869e-03 -1.741827214e-04 7.673793429e-01 -4.585271441e-03 9.999894871e-01 -3.160236648e-05 -6.326865135e-03 1.740359849e-04 3.240070885e-05 9.999999843e-01 1.493133066e-03
9.999874108e-01 5.015475512e-03 -1.526046677e-04 8.605560779e-01 -5.015476452e-03 9.999874224e-01 -5.778059367e-06 -1.368951437e-02 1.525737685e-04 6.543371743e-06 9.999999883e-01 3.003468267e-03
9.999867094e-01 5.152628255e-03 -1.776015784e-04 9.560001947e-01 -5.152625371e-03 9.999867250e-01 1.669268556e-05 -1.053252527e-02 1.776852319e-04 -1.577734931e-05 9.999999841e-01 1.358964081e-03
9.999834709e-01 5.745250931e-03 -2.237473751e-04 1.043240026e+00 -5.745264138e-03 9.999834941e-01 -5.842693015e-05 -4.992884680e-03 2.234080046e-04 5.971145217e-05 9.999999733e-01 1.064251836e-03
9.999745268e-01 7.134395638e-03 -2.147819404e-04 1.129693329e+00 -7.134413478e-03 9.999745464e-01 -8.240826873e-05 -8.888572892e-03 2.141885402e-04 8.393851270e-05 9.999999735e-01 1.192907828e-03
9.999644968e-01 8.424259967e-03 -1.922900754e-04 1.224337164e+00 -8.424258939e-03 9.999645153e-01 6.153547455e-06 -1.106196781e-02 1.923350912e-04 -4.533427597e-06 9.999999815e-01 2.165981995e-03
9.999613448e-01 8.790065083e-03 -2.088218612e-04 1.335226281e+00 -8.790058193e-03 9.999613661e-01 3.388950683e-05 -2.162681683e-02 2.091116845e-04 -3.205264052e-05 9.999999776e-01 3.165972775e-03
9.999618302e-01 8.735227663e-03 -1.840368387e-04 1.453698774e+00 -8.735224839e-03 9.999618471e-01 1.614279227e-05 -2.899047998e-02 1.841708281e-04 -1.453457294e-05 9.999999829e-01 5.123233801e-03
9.999554238e-01 9.441198509e-03 -1.191106724e-04 1.572455452e+00 -9.441199859e-03 9.999554308e-01 -1.077452986e-05 -2.598307844e-02 1.190036392e-04 1.189859723e-05 9.999999928e-01 4.557920760e-03
9.999460419e-01 1.038743836e-02 -1.199184539e-04 1.676554055e+00 -1.038744415e-02 9.999460479e-01 -4.768477803e-05 -3.818084484e-02 1.194166613e-04 4.892785129e-05 9.999999917e-01 2.218561934e-03
9.999349252e-01 1.140685466e-02 -1.704171851e-04 1.787887929e+00 -1.140687049e-02 9.999349353e-01 -9.216569647e-05 -4.726098375e-02 1.693547762e-04 9.410362556e-05 9.999999812e-01 3.894523996e-03
9.999252298e-01 1.222704798e-02 -1.847324984e-04 1.905252335e+00 -1.222704072e-02 9.999252461e-01 4.035889138e-05 -5.595065543e-02 1.852121590e-04 -3.809714196e-05 9.999999821e-01 5.915207993e-03
9.999152207e-01 1.301951826e-02 -2.086481181e-04 2.034187775e+00 -1.301949801e-02 9.999152379e-01 9.807966432e-05 -5.704222605e-02 2.099073827e-04 -9.535485544e-05 9.999999734e-01 4.892452274e-03
9.999069927e-01 1.363501127e-02 -3.040657505e-04 2.159657629e+00 -1.363501709e-02 9.999070387e-01 -1.709243457e-05 -6.988596630e-02 3.038044286e-04 2.123678656e-05 9.999999536e-01 2.105687958e-03
9.998945448e-01 1.451741463e-02 -3.794539692e-04 2.276161276e+00 -1.451744608e-02 9.998946131e-01 -8.026339654e-05 -8.189453549e-02 3.782487628e-04 8.576363488e-05 9.999999248e-01 3.613683802e-04
9.998825133e-01 1.532365339e-02 -3.811443544e-04 2.402286439e+00 -1.532368271e-02 9.998825827e-01 -7.411562661e-05 -8.013974350e-02 3.799638793e-04 7.994745416e-05 9.999999246e-01 1.127965283e-03
9.998739603e-01 1.587020044e-02 -4.474362734e-04 2.538157691e+00 -1.587023088e-02 9.998740579e-01 -6.456746942e-05 -7.430475348e-02 4.463552237e-04 7.166024832e-05 9.999998978e-01 -9.729175448e-04
9.998707605e-01 1.606993048e-02 -4.685971108e-04 2.679126893e+00 -1.606997805e-02 9.998708648e-01 -9.793117837e-05 -7.901581615e-02 4.669628512e-04 1.054488671e-04 9.999998854e-01 -2.588454140e-03
9.998690105e-01 1.617697819e-02 -5.169614008e-04 2.813436384e+00 -1.617699306e-02 9.998691436e-01 -2.460614964e-05 -8.755090159e-02 5.164957000e-04 3.296580749e-05 9.999998661e-01 5.779350162e-05
9.998624206e-01 1.658055875e-02 -4.743178459e-04 2.944361883e+00 -1.658051993e-02 9.998625301e-01 8.565966090e-05 -9.554915574e-02 4.756729265e-04 -7.778343940e-05 9.999998838e-01 2.972546730e-03
9.998542944e-01 1.706221173e-02 -5.205273173e-04 3.081070785e+00 -1.706217881e-02 9.998544281e-01 6.760623091e-05 -1.002589685e-01 5.216050550e-04 -5.871505014e-05 9.999998622e-01 5.851678039e-03
9.998499458e-01 1.731642423e-02 -4.768502726e-04 3.228486514e+00 -1.731636032e-02 9.998500511e-01 1.378305455e-04 -9.882546702e-02 4.791655016e-04 -1.295525523e-04 9.999998768e-01 7.481403710e-03
9.998433889e-01 1.769102416e-02 -4.746563982e-04 3.368735511e+00 -1.769096900e-02 9.998434953e-01 1.201588486e-04 -1.075951078e-01 4.767078454e-04 -1.117428988e-04 9.999998801e-01 7.878032613e-03
9.998259286e-01 1.864894596e-02 -5.737903829e-04 3.508075971e+00 -1.864893889e-02 9.998260933e-01 1.768230136e-05 -1.138427591e-01 5.740203532e-04 -6.978641591e-06 9.999998352e-01 6.470095906e-03
9.998052595e-01 1.972198374e-02 -6.974048598e-04 3.651282553e+00 -1.972203508e-02 9.998054995e-01 -6.680656813e-05 -1.237458627e-01 6.959516562e-04 8.054780130e-05 9.999997546e-01 3.929940950e-03
9.997940433e-01 2.027768039e-02 -8.286824197e-04 3.789407685e+00 -2.027765675e-02 9.997943865e-01 3.692020217e-05 -1.292659745e-01 8.292606875e-04 -2.010886055e-05 9.999996560e-01 4.841146939e-03
9.997903254e-01 2.046077532e-02 -8.135501892e-04 3.952400827e+00 -2.046023619e-02 9.997904459e-01 6.655847558e-04 -1.312234279e-01 8.269980866e-04 -6.487997706e-04 9.999994476e-01 5.529031257e-03
9.997914357e-01 2.040597869e-02 -8.252584935e-04 4.097653873e+00 -2.040549587e-02 9.997916125e-01 5.893013688e-04 -1.335195258e-01 8.371117911e-04 -5.723386528e-04 9.999994858e-01 1.186404796e-02
9.997782173e-01 2.104542855e-02 -7.785983202e-04 4.243407971e+00 -2.104521898e-02 9.997784867e-01 2.763846600e-04 -1.426526037e-01 7.842424838e-04 -2.599375906e-04 9.999996587e-01 1.333860221e-02
9.997624555e-01 2.176843398e-02 -1.080700845e-03 4.390367566e+00 -2.176858718e-02 9.997630278e-01 -1.302048885e-04 -1.552554952e-01 1.077610393e-03 1.536992897e-04 9.999994076e-01 1.093674528e-02
9.997528021e-01 2.220183314e-02 -1.188836727e-03 4.539510049e+00 -2.220202695e-02 9.997534934e-01 -1.500716408e-04 -1.674483771e-01 1.185211805e-03 1.764291284e-04 9.999992821e-01 6.415746918e-03
9.997465982e-01 2.247330353e-02 -1.299971193e-03 4.692210287e+00 -2.247335266e-02 9.997474420e-01 -2.319742370e-05 -1.771531649e-01 1.299121553e-03 5.240625651e-05 9.999991548e-01 4.460753020e-03
9.997367001e-01 2.290378609e-02 -1.395346419e-03 4.841183945e+00 -2.290371159e-02 9.997376732e-01 6.934577134e-05 -1.843482771e-01 1.396568663e-03 -3.736890066e-05 9.999990241e-01 2.232019646e-03
9.997123345e-01 2.393865648e-02 -1.479546597e-03 4.986546383e+00 -2.393874008e-02 9.997134265e-01 -3.881549858e-05 -1.851268234e-01 1.478193407e-03 7.422281411e-05 9.999989047e-01 -1.992079594e-03
9.997091244e-01 2.407279992e-02 -1.472031820e-03 5.150839912e+00 -2.407310230e-02 9.997101832e-01 -1.880474155e-04 -2.017808385e-01 1.467078372e-03 2.234290897e-04 9.999988989e-01 -2.111549549e-03
9.997046477e-01 2.426274911e-02 -1.391568099e-03 5.319107044e+00 -2.426302642e-02 9.997055927e-01 -1.827460413e-04 -2.074043348e-01 1.386724490e-03 2.164557204e-04 9.999990151e-01 2.807916561e-03
9.996878276e-01 2.494985216e-02 -1.323745948e-03 5.471889890e+00 -2.494979900e-02 9.996887037e-01 5.666294754e-05 -2.187843003e-01 1.324747603e-03 -2.361806359e-05 9.999991222e-01 3.536948888e-03
9.996687065e-01 2.570038283e-02 -1.402708671e-03 5.617623549e+00 -2.570017717e-02 9.996696824e-01 1.644482800e-04 -2.297842830e-01 1.406471716e-03 -1.283439380e-04 9.999990027e-01 7.128756350e-03
9.996531105e-01 2.629347735e-02 -1.520412388e-03 5.776698914e+00 -2.629310132e-02 9.996542410e-01 2.667864200e-04 -2.253868969e-01 1.526901435e-03 -2.267175176e-04 9.999988086e-01 5.511339683e-03
9.996460318e-01 2.656761904e-02 -1.404572029e-03 5.934609150e+00 -2.656752163e-02 9.996470172e-01 8.796884799e-05 -2.361849727e-01 1.406413362e-03 -5.062171204e-05 9.999990097e-01 7.536671954e-03
9.996320925e-01 2.709307466e-02 -1.282581793e-03 6.093202000e+00 -2.709311023e-02 9.996329143e-01 -1.036498628e-05 -2.438223495e-01 1.281830156e-03 4.511030280e-05 9.999991774e-01 8.907480958e-03
9.996164866e-01 2.766451414e-02 -1.246776180e-03 6.263038935e+00 -2.766437772e-02 9.996172599e-01 1.265399413e-04 -2.538467903e-01 1.249799655e-03 -9.200012438e-05 9.999992148e-01 9.119667133e-03
9.996043885e-01 2.809833305e-02 -1.245030002e-03 6.411451370e+00 -2.809793060e-02 9.996051175e-01 3.395713312e-04 -2.658942112e-01 1.254079750e-03 -3.044542263e-04 9.999991673e-01 8.032805313e-03
9.996052126e-01 2.807620213e-02 -1.070389175e-03 6.567187983e+00 -2.807565886e-02 9.996056661e-01 5.192362092e-04 -2.694792362e-01 1.084545265e-03 -4.889793400e-04 9.999992923e-01 4.640197877e-03
9.995835741e-01 2.884431532e-02 -8.269630479e-04 6.729922492e+00 -2.884383797e-02 9.995837597e-01 5.834643398e-04 -2.682541805e-01 8.434484619e-04 -5.593685820e-04 9.999994879e-01 5.810132950e-03
9.995744520e-01 2.916306104e-02 -6.563128990e-04 6.895391745e+00 -2.916268659e-02 9.995745141e-01 5.730499339e-04 -2.761604525e-01 6.727455373e-04 -5.536662263e-04 9.999996204e-01 9.866274989e-03
9.995587594e-01 2.969288146e-02 -7.869160822e-04 7.055721310e+00 -2.969240251e-02 9.995588951e-01 6.134940253e-04 -3.002767169e-01 8.047853751e-04 -5.898578978e-04 9.999995022e-01 1.062866463e-02
9.995367435e-01 3.042184573e-02 -8.997857152e-04 7.214054983e+00 -3.042125042e-02 9.995369434e-01 6.680637131e-04 -3.219277560e-01 9.196927947e-04 -6.403816217e-04 9.999993720e-01 6.765721321e-03
9.995257658e-01 3.077362025e-02 -1.108039236e-03 7.375259472e+00 -3.077312539e-02 9.995262890e-01 4.609240493e-04 -3.160543958e-01 1.121698647e-03 -4.266076331e-04 9.999992799e-01 4.727344858e-03
9.995147314e-01 3.113213369e-02 -1.044990321e-03 7.534062465e+00 -3.113167339e-02 9.995151889e-01 4.539041884e-04 -3.217826110e-01 1.058614704e-03 -4.211516256e-04 9.999993510e-01 3.652830366e-03
9.995016601e-01 3.154851180e-02 -1.059635134e-03 7.694461978e+00 -3.154811014e-02 9.995021570e-01 3.936511689e-04 -3.325172081e-01 1.071526710e-03 -3.600255109e-04 9.999993611e-01 3.848315582e-03
9.994800766e-01 3.222474296e-02 -1.068822824e-03 7.853331903e+00 -3.222410636e-02 9.994804840e-01 6.075791771e-04 -3.424985536e-01 1.087846636e-03 -5.728214221e-04 9.999992442e-01 5.222145470e-03
9.994698077e-01 3.253850969e-02 -1.161389833e-03 8.017448350e+00 -3.253781613e-02 9.994703182e-01 6.111667754e-04 -3.478173135e-01 1.180661122e-03 -5.730536507e-04 9.999991388e-01 5.881364025e-03
9.994573589e-01 3.291660776e-02 -1.218503655e-03 8.188895728e+00 -3.291594902e-02 9.994579682e-01 5.567803557e-04 -3.512300851e-01 1.236170507e-03 -5.163700196e-04 9.999991026e-01 3.649846712e-03
9.994444649e-01 3.330024001e-02 -1.362212021e-03 8.352272523e+00 -3.329953681e-02 9.994452731e-01 5.356886325e-04 -3.642473827e-01 1.379294925e-03 -4.900300093e-04 9.999989287e-01 3.582630765e-03
9.994315980e-01 3.368147486e-02 -1.427972920e-03 8.505545851e+00 -3.368063662e-02 9.994324620e-01 6.070573802e-04 -3.732837214e-01 1.447609079e-03 -5.586172906e-04 9.999987962e-01 7.715860821e-03
9.994282684e-01 3.377800641e-02 -1.477362162e-03 8.672420345e+00 -3.377712257e-02 9.994291984e-01 6.191782031e-04 -3.851489597e-01 1.497433487e-03 -5.689231565e-04 9.999987170e-01 1.103610948e-02
9.994101754e-01 3.430464704e-02 -1.578772077e-03 8.843663225e+00 -3.430391605e-02 9.994113284e-01 4.877916809e-04 -3.949777401e-01 1.594576220e-03 -4.333459045e-04 9.999986348e-01 7.588072045e-03
9.993912523e-01 3.485067500e-02 -1.598511610e-03 9.003892964e+00 -3.484988708e-02 9.993924239e-01 5.181510811e-04 -4.019930376e-01 1.615598308e-03 -4.621277087e-04 9.999985881e-01 1.527508498e-03
9.993851828e-01 3.502296594e-02 -1.627362488e-03 9.163281317e+00 -3.502205500e-02 9.993863685e-01 5.849400231e-04 -4.142344480e-01 1.646850222e-03 -5.275868133e-04 9.999985048e-01 1.145047808e-03
9.993680825e-01 3.550252056e-02 -1.734015314e-03 9.327133050e+00 -3.550093941e-02 9.993692063e-01 9.342713403e-04 -4.228742947e-01 1.766090495e-03 -8.721217852e-04 9.999980602e-01 5.644821924e-03
9.993504200e-01 3.597825764e-02 -2.074396047e-03 9.489580019e+00 -3.597608160e-02 9.993520710e-01 1.076952755e-03 -4.317229860e-01 2.111798869e-03 -1.001624546e-03 9.999972685e-01 6.316336143e-03
9.993441918e-01 3.613576030e-02 -2.322328970e-03 9.651593632e+00 -3.613370291e-02 9.993465393e-01 9.218612944e-04 -4.410191490e-01 2.354123578e-03 -8.373423851e-04 9.999968785e-01 9.381287800e-04
9.993464058e-01 3.608294459e-02 -2.186850514e-03 9.821443077e+00 -3.608133998e-02 9.993485607e-01 7.688323738e-04 -4.488512155e-01 2.213167650e-03 -6.894253725e-04 9.999973133e-01 -3.622482340e-03
9.993358886e-01 3.638128862e-02 -2.045359817e-03 9.991576712e+00 -3.638003995e-02 9.993378195e-01 6.444280137e-04 -4.743562029e-01 2.067450541e-03 -5.695897699e-04 9.999977006e-01 -4.525219493e-03
9.993287521e-01 3.658396518e-02 -1.912780243e-03 1.016718088e+01 -3.658233413e-02 9.993302542e-01 8.808683222e-04 -4.811983616e-01 1.943724822e-03 -8.103030752e-04 9.999977827e-01 3.815203428e-03
9.993245908e-01 3.669748130e-02 -1.912374777e-03 1.032413383e+01 -3.669536589e-02 9.993258596e-01 1.129768366e-03 -4.773769090e-01 1.952545222e-03 -1.058830018e-03 9.999975332e-01 1.357186610e-02
9.993278385e-01 3.659501293e-02 -2.162443282e-03 1.048900828e+01 -3.659238657e-02 9.993295027e-01 1.241882651e-03 -4.801671848e-01 2.206440082e-03 -1.161918945e-03 9.999968908e-01 1.343548023e-02
9.993266167e-01 3.661484012e-02 -2.380479168e-03 1.065818155e+01 -3.661215738e-02 9.993288758e-01 1.160965959e-03 -4.888608405e-01 2.421390154e-03 -1.073029706e-03 9.999964927e-01 7.302854680e-03
9.993195792e-01 3.680116797e-02 -2.460218443e-03 1.082957907e+01 -3.679926853e-02 9.993223469e-01 8.129378602e-04 -5.058417674e-01 2.488468331e-03 -7.218504812e-04 9.999966432e-01 5.528734383e-03
9.992936175e-01 3.750095343e-02 -2.438120402e-03 1.100790471e+01 -3.749891282e-02 9.992962833e-01 8.773693471e-04 -5.253452307e-01 2.469306843e-03 -7.853227244e-04 9.999966429e-01 4.946703138e-03
9.992791031e-01 3.788453985e-02 -2.456763830e-03 1.117407042e+01 -3.788240053e-02 9.992817885e-01 9.115684292e-04 -5.358795218e-01 2.489533704e-03 -8.178431709e-04 9.999965667e-01 9.284487125e-03
9.992893351e-01 3.760768470e-02 -2.546936432e-03 1.132563767e+01 -3.760539008e-02 9.992922223e-01 9.429275462e-04 -5.443644465e-01 2.580595089e-03 -8.464789026e-04 9.999963120e-01 1.093043461e-02
9.992827879e-01 3.777829543e-02 -2.590412728e-03 1.149355609e+01 -3.777585505e-02 9.992857526e-01 9.846409282e-04 -5.593915649e-01 2.625760588e-03 -8.860796761e-04 9.999961601e-01 8.470940161e-03
9.992598839e-01 3.838699774e-02 -2.474447842e-03 1.167725297e+01 -3.838470094e-02 9.992625659e-01 9.691240856e-04 -5.687999135e-01 2.509824864e-03 -8.734258808e-04 9.999964689e-01 9.200139294e-03
9.992377536e-01 3.894982003e-02 -2.612133538e-03 1.184201238e+01 -3.894775820e-02 9.992408988e-01 8.356244503e-04 -5.724513087e-01 2.642698086e-03 -7.332507532e-04 9.999962392e-01 1.028407019e-02
9.992236266e-01 3.929562645e-02 -2.828041664e-03 1.199831310e+01 -3.929345433e-02 9.992273779e-01 8.195927638e-04 -5.782215257e-01 2.858063067e-03 -7.078329278e-04 9.999956652e-01 9.635421594e-03
9.992064713e-01 3.971132459e-02 -3.072199990e-03 1.216978999e+01 -3.970861992e-02 9.992108629e-01 9.364370411e-04 -5.898296079e-01 3.106962758e-03 -8.137011297e-04 9.999948423e-01 8.831738814e-03
9.991928367e-01 4.003645695e-02 -3.279818254e-03 1.233285583e+01 -4.003316446e-02 9.991977856e-01 1.063465105e-03 -6.080732579e-01 3.319764512e-03 -9.313052116e-04 9.999940559e-01 1.150349353e-02
9.992050315e-01 3.971906479e-02 -3.420660413e-03 1.250369746e+01 -3.971563163e-02 9.992104546e-01 1.065826563e-03 -6.220106553e-01 3.460293281e-03 -9.291255751e-04 9.999935815e-01 9.398658548e-03
9.992143798e-01 3.947251777e-02 -3.541690182e-03 1.267433503e+01 -3.946955760e-02 9.992203664e-01 9.018743752e-04 -6.253907297e-01 3.574528213e-03 -7.613768999e-04 9.999933215e-01 7.403902220e-03
9.991816330e-01 4.026856397e-02 -3.808812427e-03 1.284386203e+01 -4.026559280e-02 9.991886476e-01 8.536028011e-04 -6.190031055e-01 3.840095497e-03 -6.995401505e-04 9.999923821e-01 1.253845660e-03
9.991475778e-01 4.108644751e-02 -4.002709760e-03 1.300382102e+01 -4.108292124e-02 9.991552799e-01 9.592804248e-04 -6.371170964e-01 4.038742015e-03 -7.940197030e-04 9.999915290e-01 3.782226556e-03
9.991532831e-01 4.092430988e-02 -4.232932132e-03 1.317510779e+01 -4.091964274e-02 9.991617399e-01 1.183404688e-03 -6.570529561e-01 4.277813854e-03 -1.009192608e-03 9.999903409e-01 5.035322461e-03
9.991447710e-01 4.112478508e-02 -4.298672715e-03 1.334461543e+01 -4.112023519e-02 9.991535533e-01 1.141554098e-03 -6.609015230e-01 4.341980285e-03 -9.638153749e-04 9.999901091e-01 7.138928359e-03
9.991301790e-01 4.145317757e-02 -4.529850714e-03 1.350534130e+01 -4.144866827e-02 9.991400457e-01 1.084889105e-03 -6.701448771e-01 4.570927350e-03 -8.961891662e-04 9.999891517e-01 4.720275005e-03
9.991197555e-01 4.166592541e-02 -4.864651848e-03 1.367307778e+01 -4.166122451e-02 9.991312280e-01 1.063750182e-03 -6.844717927e-01 4.904747711e-03 -8.601464694e-04 9.999876017e-01 -9.842642390e-04
9.991039319e-01 4.201066111e-02 -5.141758793e-03 1.384496440e+01 -4.200619657e-02 9.991168761e-01 9.732730874e-04 -6.982047700e-01 5.178105829e-03 -7.564152379e-04 9.999863074e-01 -1.647423589e-03
9.990846808e-01 4.245113498e-02 -5.263234182e-03 1.401304872e+01 -4.244697742e-02 9.990983163e-01 8.991798368e-04 -7.185359250e-01 5.296659614e-03 -6.749484178e-04 9.999857448e-01 -5.457338747e-04
9.990864130e-01 4.241169142e-02 -5.252416200e-03 1.417408804e+01 -4.240794927e-02 9.991000402e-01 8.218481412e-04 -7.290951913e-01 5.282545206e-03 -5.983531117e-04 9.999858682e-01 3.012184035e-03
9.990825530e-01 4.248255304e-02 -5.411565989e-03 1.433557923e+01 -4.247883210e-02 9.990970462e-01 8.007360919e-04 -7.405526576e-01 5.440696908e-03 -5.701244559e-04 9.999850368e-01 -1.660198313e-03
9.990686019e-01 4.276898993e-02 -5.722083275e-03 1.450513337e+01 -4.276527851e-02 9.990848507e-01 7.694599926e-04 -7.553350690e-01 5.749755741e-03 -5.240368341e-04 9.999833327e-01 -4.554320263e-03
9.990807711e-01 4.245540296e-02 -5.928881512e-03 1.467006276e+01 -4.245039463e-02 9.990981067e-01 9.680950722e-04 -7.729969642e-01 5.964635160e-03 -7.155218113e-04 9.999819554e-01 -5.042079859e-03
9.991022320e-01 4.194475175e-02 -5.947081979e-03 1.483821239e+01 -4.193941100e-02 9.991196352e-01 1.019983430e-03 -7.770408104e-01 5.984629329e-03 -7.696506065e-04 9.999817958e-01 -1.097899190e-03
9.991205460e-01 4.151628671e-02 -5.876433574e-03 1.500738984e+01 -4.151109531e-02 9.991375398e-01 1.002710851e-03 -7.839949674e-01 5.912994216e-03 -7.578918192e-04 9.999822309e-01 1.764606898e-03
9.991207237e-01 4.151883370e-02 -5.828022051e-03 1.517790961e+01 -4.151413948e-02 9.991374891e-01 9.241840494e-04 -7.838962627e-01 5.861366362e-03 -6.814261160e-04 9.999825899e-01 2.756642244e-03
9.991486127e-01 4.083593677e-02 -5.871631380e-03 1.533133605e+01 -4.083144255e-02 9.991656585e-01 8.833113736e-04 -8.001541638e-01 5.902803282e-03 -6.428121541e-04 9.999823717e-01 1.031953766e-03
9.991595643e-01 4.054600028e-02 -6.015562316e-03 1.548700368e+01 -4.054149469e-02 9.991774777e-01 8.690980703e-04 -8.076946274e-01 6.045852833e-03 -6.244877615e-04 9.999815287e-01 9.301457697e-04
9.991702136e-01 4.026215157e-02 -6.151705165e-03 1.566163435e+01 -4.025846703e-02 9.991890387e-01 7.216571216e-04 -8.183679763e-01 6.175771839e-03 -4.734000807e-04 9.999808177e-01 7.399218139e-03
9.991682735e-01 4.027638289e-02 -6.369789797e-03 1.583015528e+01 -4.027112380e-02 9.991883359e-01 9.517995514e-04 -8.270991469e-01 6.402954710e-03 -6.944893210e-04 9.999792597e-01 7.029385364e-03
9.991737375e-01 4.010922949e-02 -6.564447295e-03 1.598472993e+01 -4.010486384e-02 9.991951597e-01 7.953860448e-04 -8.379865790e-01 6.591066285e-03 -5.314625822e-04 9.999781375e-01 6.144748539e-03
9.991891303e-01 3.973529045e-02 -6.495279471e-03 1.614169970e+01 -3.973189696e-02 9.992101646e-01 6.507100392e-04 -8.523515321e-01 6.516005422e-03 -3.921126235e-04 9.999786937e-01 9.288252172e-03
9.992264739e-01 3.880656631e-02 -6.364298834e-03 1.629992237e+01 -3.880247607e-02 9.992466075e-01 7.649530224e-04 -8.665321746e-01 6.389189219e-03 -5.174107581e-04 9.999794551e-01 8.597876992e-03
9.992319978e-01 3.862402970e-02 -6.602943735e-03 1.647202370e+01 -3.861907126e-02 9.992536207e-01 8.768503427e-04 -8.710774412e-01 6.631882928e-03 -6.211773651e-04 9.999778159e-01 1.050724360e-02
9.992319472e-01 3.853950686e-02 -7.086753930e-03 1.663307292e+01 -3.853287350e-02 9.992567599e-01 1.070240838e-03 -8.768815088e-01 7.122733324e-03 -7.963458441e-04 9.999743159e-01 7.120202734e-03
9.992345348e-01 3.846144174e-02 -7.145759243e-03 1.679087310e+01 -3.845513044e-02 9.992598088e-01 1.018582207e-03 -8.836743075e-01 7.179646155e-03 -7.430114141e-04 9.999739500e-01 1.062725375e-02
9.992521145e-01 3.802744300e-02 -7.008939053e-03 1.694324190e+01 -3.802179482e-02 9.992764705e-01 9.373958070e-04 -8.875612495e-01 7.039514644e-03 -6.702022997e-04 9.999749977e-01 1.404457479e-02
9.992617769e-01 3.775760768e-02 -7.089728015e-03 1.709364026e+01 -3.775172988e-02 9.992866872e-01 9.611097133e-04 -8.967226779e-01 7.120960025e-03 -6.927507029e-04 9.999744057e-01 1.438952295e-02
9.992657253e-01 3.750056725e-02 -7.856055070e-03 1.725086037e+01 -3.749441969e-02 9.992964058e-01 9.284021570e-04 -9.156055706e-01 7.885343203e-03 -6.331622289e-04 9.999687097e-01 5.362211383e-03
9.992851158e-01 3.691011343e-02 -8.179296863e-03 1.740578918e+01 -3.690515788e-02 9.993184866e-01 7.560210091e-04 -9.340786599e-01 8.201627384e-03 -4.536222995e-04 9.999662632e-01 8.120031472e-03
9.992972656e-01 3.644445336e-02 -8.762230653e-03 1.756843210e+01 -3.644024691e-02 9.993356292e-01 6.392928695e-04 -9.436079726e-01 8.779707962e-03 -3.195457679e-04 9.999614066e-01 6.072339880e-03
9.992964986e-01 3.650347435e-02 -8.602575865e-03 1.771878933e+01 -3.649883266e-02 9.993334533e-01 6.960005754e-04 -9.491804042e-01 8.622248285e-03 -3.815269610e-04 9.999627549e-01 1.483847269e-02
9.993026665e-01 3.639154114e-02 -8.356824782e-03 1.787165873e+01 -3.638618731e-02 9.993374897e-01 7.918528288e-04 -9.523254002e-01 8.380105045e-03 -4.872276515e-04 9.999647676e-01 1.845960144e-02
9.992993441e-01 3.655532671e-02 -8.032997611e-03 1.802803289e+01 -3.654989439e-02 9.993314913e-01 8.220676293e-04 -9.575636394e-01 8.057678432e-03 -5.278864284e-04 9.999673970e-01 2.009359235e-02
9.993033331e-01 3.643663137e-02 -8.075914420e-03 1.818250628e+01 -3.643243221e-02 9.993358963e-01 6.665162831e-04 -9.725463448e-01 8.094836784e-03 -3.718267386e-04 9.999671671e-01 1.760271788e-02
9.993303516e-01 3.561096726e-02 -8.408762508e-03 1.834528848e+01 -3.560698203e-02 9.993656760e-01 6.232188784e-04 -9.865210508e-01 8.425622055e-03 -3.233908854e-04 9.999644515e-01 1.010003481e-02
9.993501736e-01 3.495831387e-02 -8.783324607e-03 1.850146192e+01 -3.495329807e-02 9.993886846e-01 7.239645231e-04 -9.980340895e-01 8.803263804e-03 -4.164879089e-04 9.999611638e-01 5.906928188e-03
9.993527986e-01 3.494442287e-02 -8.536470048e-03 1.865126946e+01 -3.493785122e-02 9.993890655e-01 9.177944886e-04 -1.006204062e+00 8.563326623e-03 -6.189545703e-04 9.999631425e-01 1.088550661e-02
9.993459943e-01 3.516045197e-02 -8.445485449e-03 1.880493610e+01 -3.515422128e-02 9.993815074e-01 8.851205903e-04 -1.007383303e+00 8.471383219e-03 -5.876472521e-04 9.999639445e-01 1.515970444e-02
9.993562596e-01 3.489075503e-02 -8.348746650e-03 1.895477335e+01 -3.488465245e-02 9.993909618e-01 8.755124297e-04 -1.014014130e+00 8.374209234e-03 -5.837057017e-04 9.999647653e-01 1.404487470e-02
9.993754661e-01 3.435465875e-02 -8.272558510e-03 1.911916801e+01 -3.434839071e-02 9.994095159e-01 8.986216972e-04 -1.026506311e+00 8.298545538e-03 -6.139114056e-04 9.999653780e-01 9.688465420e-03
9.993894973e-01 3.397225784e-02 -8.155880623e-03 1.927914578e+01 -3.396637933e-02 9.994226076e-01 8.582459585e-04 -1.035840713e+00 8.180328032e-03 -5.806962620e-04 9.999663719e-01 1.380422547e-02
9.993933433e-01 3.386523036e-02 -8.129672708e-03 1.943695735e+01 -3.385738365e-02 9.994260681e-01 1.100928159e-03 -1.049183876e+00 8.162290015e-03 -8.250108254e-04 9.999663476e-01 1.514031880e-02
9.994082124e-01 3.341503832e-02 -8.164569656e-03 1.959391826e+01 -3.340709298e-02 9.994412135e-01 1.107635985e-03 -1.061697711e+00 8.197019104e-03 -8.342259618e-04 9.999660559e-01 1.824297812e-02
9.994370934e-01 3.256574463e-02 -8.060312623e-03 1.974051093e+01 -3.255772220e-02 9.994692242e-01 1.124555795e-03 -1.076399849e+00 8.092656401e-03 -8.614973558e-04 9.999668828e-01 1.195345953e-02
9.994625487e-01 3.189851785e-02 -7.556347488e-03 1.990639259e+01 -3.189033555e-02 9.994906525e-01 1.200893626e-03 -1.076986238e+00 7.590805408e-03 -9.592737470e-04 9.999707293e-01 1.172467916e-02
9.994877237e-01 3.123346612e-02 -6.982894907e-03 2.006898278e+01 -3.122657176e-02 9.995117328e-01 1.094205485e-03 -1.076955273e+00 7.013661219e-03 -8.755930805e-04 9.999750206e-01 2.120904700e-02
9.995100944e-01 3.054891720e-02 -6.806976796e-03 2.022475876e+01 -3.054263499e-02 9.995329394e-01 1.024980297e-03 -1.090299370e+00 6.835109563e-03 -8.165751456e-04 9.999763070e-01 3.042596847e-02
9.995310270e-01 2.980782595e-02 -7.015666887e-03 2.038308495e+01 -2.980245475e-02 9.995554305e-01 8.689266760e-04 -1.115324767e+00 7.038448751e-03 -6.594350780e-04 9.999750124e-01 3.562246725e-02
9.995397981e-01 2.949757508e-02 -7.077086349e-03 2.054036458e+01 -2.949231609e-02 9.995646487e-01 8.463376959e-04 -1.123904927e+00 7.098970241e-03 -6.372285420e-04 9.999745990e-01 3.356294076e-02
9.995666268e-01 2.858000854e-02 -7.052782060e-03 2.069002035e+01 -2.857455817e-02 9.995912833e-01 8.723777512e-04 -1.127863457e+00 7.074832033e-03 -6.704695548e-04 9.999747483e-01 2.972779643e-02
9.995889859e-01 2.778214585e-02 -7.071889124e-03 2.084274796e+01 -2.777672604e-02 9.996137794e-01 8.634756497e-04 -1.137917626e+00 7.093147021e-03 -6.666868223e-04 9.999746211e-01 2.938756534e-02
9.995988288e-01 2.736893986e-02 -7.288530225e-03 2.099883095e+01 -2.736324030e-02 9.996251686e-01 8.805851149e-04 -1.146730172e+00 7.309898936e-03 -6.807940455e-04 9.999730506e-01 3.036250479e-02
9.996120861e-01 2.692386446e-02 -7.126204381e-03 2.114807388e+01 -2.691685399e-02 9.996370947e-01 1.077863395e-03 -1.145910196e+00 7.152638492e-03 -8.856302743e-04 9.999740274e-01 3.430836174e-02
9.996270625e-01 2.637250307e-02 -7.087105101e-03 2.130091788e+01 -2.636551913e-02 9.996517890e-01 1.077088691e-03 -1.148098090e+00 7.113042818e-03 -8.898317993e-04 9.999743061e-01 3.839732043e-02
9.996455910e-01 2.559385520e-02 -7.324414637e-03 2.147175964e+01 -2.558761211e-02 9.996721370e-01 9.448253891e-04 -1.154928084e+00 7.346194956e-03 -7.570762537e-04 9.999727298e-01 4.038563474e-02
9.996641017e-01 2.482665168e-02 -7.437814066e-03 2.162710269e+01 -2.481966267e-02 9.996914136e-01 1.030508157e-03 -1.170053057e+00 7.461102924e-03 -8.455579754e-04 9.999718081e-01 3.780762014e-02
9.996831430e-01 2.402823940e-02 -7.500488644e-03 2.177899124e+01 -2.402146095e-02 9.997109504e-01 9.925297544e-04 -1.181876717e+00 7.522169373e-03 -8.120425693e-04 9.999713784e-01 3.652557605e-02
9.997111039e-01 2.300555816e-02 -6.960815130e-03 2.193581377e+01 -2.300031383e-02 9.997351111e-01 8.325342103e-04 -1.187732920e+00 6.978124202e-03 -6.721927619e-04 9.999754267e-01 4.413088317e-02
9.997157928e-01 2.279536059e-02 -6.978909527e-03 2.209599383e+01 -2.279080122e-02 9.997399879e-01 7.321491340e-04 -1.197949263e+00 6.993784530e-03 -5.728861122e-04 9.999753791e-01 4.943977200e-02
9.997217615e-01 2.249683632e-02 -7.091674461e-03 2.225502826e+01 -2.249274038e-02 9.997467906e-01 6.568081664e-04 -1.208729549e+00 7.104654887e-03 -4.971142245e-04 9.999746381e-01 5.063508179e-02
9.997245586e-01 2.228964866e-02 -7.347004934e-03 2.241993449e+01 -2.228520873e-02 9.997514188e-01 6.856413092e-04 -1.213724141e+00 7.360461310e-03 -5.217229167e-04 9.999727753e-01 4.677980631e-02
9.997429056e-01 2.143390753e-02 -7.396635279e-03 2.258169737e+01 -2.142919289e-02 9.997701120e-01 7.160775910e-04 -1.217185507e+00 7.410283223e-03 -5.573895674e-04 9.999723881e-01 4.998736707e-02
9.997693723e-01 2.012994566e-02 -7.482482489e-03 2.273428636e+01 -2.012477749e-02 9.997971832e-01 7.653615497e-04 -1.220543131e+00 7.496371603e-03 -6.146017409e-04 9.999717129e-01 5.438058632e-02
9.997902270e-01 1.911303058e-02 -7.361659594e-03 2.288753107e+01 -1.910696377e-02 9.998170460e-01 8.935654259e-04 -1.231616299e+00 7.377391492e-03 -7.527190168e-04 9.999725034e-01 5.466742404e-02
9.997982228e-01 1.883061366e-02 -6.994409724e-03 2.304817478e+01 -1.882514269e-02 9.998224324e-01 8.472127784e-04 -1.239728647e+00 7.009121280e-03 -7.153710691e-04 9.999751799e-01 5.427509879e-02
9.997997011e-01 1.876945982e-02 -6.947311398e-03 2.321615192e+01 -1.876598411e-02 9.998237437e-01 5.651514637e-04 -1.253370210e+00 6.956694479e-03 -4.346651291e-04 9.999757074e-01 5.146987280e-02
9.998116919e-01 1.813611802e-02 -6.903757635e-03 2.337364342e+01 -1.813529953e-02 9.998355255e-01 1.811458321e-04 -1.259532466e+00 6.905907425e-03 -5.591000828e-05 9.999761524e-01 5.555281421e-02
9.998274849e-01 1.713049610e-02 -7.179588593e-03 2.353543383e+01 -1.712952972e-02 9.998532596e-01 1.960765469e-04 -1.256587604e+00 7.181893946e-03 -7.305974457e-05 9.999742072e-01 5.846320110e-02
9.998388329e-01 1.641101142e-02 -7.279208268e-03 2.370155092e+01 -1.640797589e-02 9.998652665e-01 4.765407744e-04 -1.257935160e+00 7.286048031e-03 -3.570268979e-04 9.999733927e-01 5.906531412e-02
9.998467212e-01 1.568292189e-02 -7.783320348e-03 2.386811597e+01 -1.567952400e-02 9.998769450e-01 4.973932469e-04 -1.271599471e+00 7.790163151e-03 -3.752782489e-04 9.999695858e-01 5.362796453e-02
9.998575215e-01 1.481231840e-02 -8.095182055e-03 2.402429258e+01 -1.480864297e-02 9.998902140e-01 5.137818653e-04 -1.280476610e+00 8.101903619e-03 -3.938300016e-04 9.999671015e-01 4.661513245e-02
9.998639846e-01 1.443354122e-02 -7.980299005e-03 2.418128335e+01 -1.443070984e-02 9.998957869e-01 4.122669223e-04 -1.288992293e+00 7.985417825e-03 -2.970494683e-04 9.999680719e-01 5.231095156e-02
9.998675860e-01 1.432005218e-02 -7.729594371e-03 2.434931910e+01 -1.431695821e-02 9.998974034e-01 4.554642238e-04 -1.298721567e+00 7.735323612e-03 -3.447396344e-04 9.999700225e-01 5.614950556e-02
9.998681014e-01 1.415328269e-02 -7.966447926e-03 2.451228187e+01 -1.415119869e-02 9.998998162e-01 3.179073286e-04 -1.304697813e+00 7.970149250e-03 -2.051306096e-04 9.999682168e-01 5.550212194e-02
9.998688059e-01 1.394235972e-02 -8.245091171e-03 2.467080085e+01 -1.393987527e-02 9.999027709e-01 3.587185780e-04 -1.305648611e+00 8.249290891e-03 -2.437359737e-04 9.999659443e-01 5.175177600e-02
9.998764381e-01 1.360185651e-02 -7.880234056e-03 2.484027305e+01 -1.360123992e-02 9.999074902e-01 1.318334032e-04 -1.318874823e+00 7.881298236e-03 -2.463615956e-05 9.999689418e-01 5.502483262e-02
9.998880189e-01 1.292335997e-02 -7.545621846e-03 2.500459736e+01 -1.292340573e-02 9.999164884e-01 4.269603430e-05 -1.326561305e+00 7.545543476e-03 5.482387948e-05 9.999715305e-01 5.754037149e-02
9.998905342e-01 1.272097998e-02 -7.556202034e-03 2.517139708e+01 -1.271934411e-02 9.999190709e-01 2.645110507e-04 -1.324669558e+00 7.558955357e-03 -1.683721619e-04 9.999714165e-01 6.528333948e-02
9.998976280e-01 1.197295924e-02 -7.834648362e-03 2.533299638e+01 -1.196975477e-02 9.999282560e-01 4.557768330e-04 -1.333043580e+00 7.839543271e-03 -3.619513547e-04 9.999692048e-01 6.555274485e-02
9.998955908e-01 1.191959217e-02 -8.168893157e-03 2.549420291e+01 -1.191651488e-02 9.999289054e-01 4.252792535e-04 -1.335108316e+00 8.173381548e-03 -3.278901136e-04 9.999665436e-01 6.378217010e-02
9.998927844e-01 1.215170455e-02 -8.170420752e-03 2.565568229e+01 -1.214924875e-02 9.999261339e-01 3.501396124e-04 -1.326926129e+00 8.174072027e-03 -2.508375979e-04 9.999665603e-01 6.198797489e-02
9.999038812e-01 1.140816758e-02 -7.879214444e-03 2.582196517e+01 -1.140600520e-02 9.999348984e-01 3.193242621e-04 -1.339921538e+00 7.882344399e-03 -2.294232081e-04 9.999689075e-01 7.053971014e-02
9.999148301e-01 1.055758011e-02 -7.672676646e-03 2.599380591e+01 -1.055409261e-02 9.999441816e-01 4.948836612e-04 -1.352691934e+00 7.677473143e-03 -4.138633722e-04 9.999704421e-01 7.789800324e-02
9.999173687e-01 1.019021540e-02 -7.836785421e-03 2.615347553e+01 -1.018676265e-02 9.999479982e-01 4.803738677e-04 -1.366610245e+00 7.841273008e-03 -4.005027008e-04 9.999691765e-01 7.959872440e-02
9.999155115e-01 1.009169560e-02 -8.193134541e-03 2.631609843e+01 -1.008917329e-02 9.999490420e-01 3.491302893e-04 -1.370810388e+00 8.196240352e-03 -2.664388376e-04 9.999663748e-01 7.120202833e-02
9.999183171e-01 9.607992236e-03 -8.428851068e-03 2.647595397e+01 -9.607529304e-03 9.999538421e-01 9.541246733e-05 -1.376200602e+00 8.429378732e-03 -1.442424014e-05 9.999644721e-01 6.814780611e-02
9.999186630e-01 9.656319809e-03 -8.332040080e-03 2.664589675e+01 -9.655639202e-03 9.999533758e-01 1.219089129e-04 -1.372421753e+00 8.332828797e-03 -4.144782437e-05 9.999652805e-01 7.838519604e-02
9.999245704e-01 9.376341631e-03 -7.933335511e-03 2.681608729e+01 -9.373995816e-03 9.999560077e-01 3.328242161e-04 -1.372425810e+00 7.936107179e-03 -2.584320574e-04 9.999684752e-01 8.329912330e-02
9.999306047e-01 8.780046689e-03 -7.854718146e-03 2.697766273e+01 -8.776383887e-03 9.999613615e-01 5.006665113e-04 -1.388075121e+00 7.858810527e-03 -4.316957456e-04 9.999690259e-01 8.076727087e-02
9.999290591e-01 8.587312661e-03 -8.254379564e-03 2.713521766e+01 -8.584978153e-03 9.999630978e-01 3.182119568e-04 -1.396467213e+00 8.256807545e-03 -2.473257144e-04 9.999658814e-01 7.739344250e-02
9.999299208e-01 8.424304886e-03 -8.317728906e-03 2.729153397e+01 -8.425082063e-03 9.999645067e-01 -5.840062365e-05 -1.405912679e+00 8.316941697e-03 1.284740796e-04 9.999654054e-01 8.106386298e-02
9.999311864e-01 8.470422827e-03 -8.116304299e-03 2.746630341e+01 -8.471304525e-03 9.999641151e-01 -7.426003382e-05 -1.408329585e+00 8.115384033e-03 1.430106091e-04 9.999670595e-01 8.632923098e-02
9.999322392e-01 8.214796985e-03 -8.248284531e-03 2.763478646e+01 -8.215421006e-03 9.999662520e-01 -4.177472806e-05 -1.414556100e+00 8.247662997e-03 1.095350274e-04 9.999659814e-01 8.821407824e-02
9.999367664e-01 7.084480470e-03 -8.733457619e-03 2.777296179e+01 -7.086130529e-03 9.999748806e-01 -1.580056980e-04 -1.417298136e+00 8.732118851e-03 2.198821274e-04 9.999618501e-01 8.590487353e-02
