1.000000000e+00 0.000000000e+00 0.000000000e+00 0.000000000e+00 0.000000000e+00 1.000000000e+00 0.000000000e+00 0.000000000e+00 0.000000000e+00 0.000000000e+00 1.000000000e+00 0.000000000e+00
9.999999987e-01 3.258743041e-05 -3.808806296e-05 4.060708328e-04 -3.258748912e-05 9.999999995e-01 -1.540971816e-06 2.696338160e-02 3.808801273e-05 1.542213008e-06 9.999999993e-01 -2.695057537e-04
9.999999818e-01 -1.775825623e-04 -7.014233564e-05 1.336232955e-03 1.775796149e-04 9.999999833e-01 -4.202304304e-05 1.616854762e-02 7.014979703e-05 4.201058642e-05 9.999999967e-01 -2.027584796e-03
9.999999987e-01 -2.383636781e-05 -4.467069635e-05 -3.894364218e-04 2.384051053e-05 9.999999954e-01 9.274084348e-05 1.904081369e-02 4.466848554e-05 -9.274190834e-05 9.999999947e-01 -2.826017508e-03
9.999999112e-01 -4.206299190e-04 -2.736555247e-05 3.650623900e-03 4.206296763e-04 9.999999115e-01 -8.876258957e-06 1.260160235e-02 2.736928366e-05 8.864747405e-06 9.999999996e-01 -7.895301113e-04
9.999999796e-01 -1.996623997e-04 -2.992698056e-05 1.158290469e-03 1.996621232e-04 9.999999800e-01 -9.241684467e-06 9.399332168e-03 2.992882518e-05 9.235708994e-06 9.999999995e-01 -4.031863171e-04
9.999999992e-01 -3.130098712e-05 -2.349307257e-05 5.245548998e-04 3.130147753e-05 9.999999993e-01 2.087448981e-05 1.770461600e-02 2.349241916e-05 -2.087522516e-05 9.999999995e-01 -3.864132662e-04
9.999999421e-01 -3.401338453e-04 -1.384267892e-05 3.548479652e-03 3.401341078e-04 9.999999420e-01 1.896719134e-05 1.225325181e-02 1.383622673e-05 -1.897189861e-05 9.999999997e-01 -2.966753833e-04
9.999999992e-01 2.777046195e-06 -3.979019837e-05 -8.388182947e-04 -2.776969512e-06 1.000000000e+00 1.927238928e-06 2.079561467e-02 3.979020372e-05 -1.927128431e-06 9.999999992e-01 -1.416656527e-03
9.999999322e-01 -3.670026340e-04 -2.908544462e-05 3.580730002e-03 3.670022689e-04 9.999999326e-01 -1.255601920e-05 1.178894776e-02 2.909005075e-05 1.254534392e-05 9.999999995e-01 -7.931853296e-04
9.999999970e-01 7.569632448e-05 -1.555265001e-05 1.019720243e-03 -7.569637345e-05 9.999999971e-01 -3.148100620e-06 1.156565730e-02 1.555241166e-05 3.149277890e-06 9.999999999e-01 1.053459384e-04
9.999999934e-01 1.101523015e-04 -3.114699002e-05 -1.917439854e-03 -1.101515757e-04 9.999999937e-01 2.330439277e-05 1.867416209e-02 3.114955685e-05 -2.330096173e-05 9.999999992e-01 -1.054724345e-03
9.999999585e-01 -2.872956600e-04 -2.361758377e-05 2.085772374e-03 2.872956381e-04 9.999999587e-01 -9.306138330e-07 1.212510146e-02 2.361785016e-05 9.238285656e-07 9.999999997e-01 -3.004254239e-04
9.999999794e-01 -2.012307721e-04 -2.597537946e-05 3.412444675e-03 2.012310926e-04 9.999999797e-01 1.233617013e-05 1.432194588e-02 2.597289652e-05 -1.234139693e-05 9.999999996e-01 -7.953717539e-04
9.999999829e-01 1.815682297e-04 -3.376793438e-05 -4.907341381e-04 -1.815685216e-04 9.999999835e-01 -8.641377067e-06 1.650249660e-02 3.376636482e-05 8.647508113e-06 9.999999994e-01 -6.116432950e-04
9.999999819e-01 -1.892786572e-04 -2.138760475e-05 -1.337967027e-04 1.892786927e-04 9.999999821e-01 1.657846266e-06 1.456105610e-02 2.138729057e-05 -1.661894454e-06 9.999999998e-01 -2.113173643e-04
9.999999844e-01 -1.752441654e-04 -2.373170265e-05 1.678027772e-03 1.752441685e-04 9.999999846e-01 1.282339627e-07 1.305433006e-02 2.373167982e-05 -1.323928032e-07 9.999999997e-01 -3.036004490e-04
9.999999993e-01 -1.588251934e-05 -3.444200731e-05 1.687928573e-04 1.588340321e-05 9.999999995e-01 2.566236019e-05 2.087643217e-02 3.444159972e-05 -2.566290723e-05 9.999999991e-01 -1.414311903e-03
9.999999534e-01 -3.048468378e-04 -1.359063045e-05 4.092417500e-03 3.048469574e-04 9.999999535e-01 8.796752452e-06 1.480101074e-02 1.358794815e-05 -8.800895105e-06 9.999999999e-01 -2.761671231e-04
9.999999950e-01 9.758254374e-05 -2.200273427e-05 2.715405898e-03 -9.758252527e-05 9.999999952e-01 8.405366487e-07 1.233721946e-02 2.200281618e-05 -8.383895621e-07 9.999999998e-01 -4.692400307e-04
9.999999970e-01 -7.174972820e-05 -2.983396428e-05 2.639227751e-03 7.174990220e-05 9.999999974e-01 5.831311363e-06 1.524154025e-02 2.983354581e-05 -5.833451929e-06 9.999999995e-01 -1.161334157e-03
9.999999589e-01 -2.854983037e-04 -2.439050246e-05 2.289052432e-03 2.854984442e-04 9.999999592e-01 5.758570887e-06 1.745706699e-02 2.438885741e-05 -5.765534101e-06 9.999999997e-01 -5.231211663e-04
9.999999992e-01 3.786728040e-05 -1.622762774e-05 -1.042709283e-03 -3.786726254e-05 9.999999993e-01 1.101200879e-06 1.372947840e-02 1.622766943e-05 -1.100586382e-06 9.999999999e-01 7.761259382e-05
9.999999991e-01 4.073736804e-05 -1.212128545e-05 -2.506085319e-04 -4.073731616e-05 9.999999992e-01 4.280753347e-06 1.289786520e-02 1.212145983e-05 -4.280259554e-06 9.999999999e-01 2.786624653e-04
9.999999999e-01 4.267292408e-06 -1.622496938e-05 -2.249127972e-03 -4.267316806e-06 1.000000000e+00 -1.503726302e-06 1.390942005e-02 1.622496297e-05 1.503795539e-06 9.999999999e-01 -5.064973358e-05
9.999999990e-01 2.233374133e-05 -3.903755387e-05 2.640508955e-03 -2.233351969e-05 9.999999997e-01 5.678051338e-06 1.718399475e-02 3.903768068e-05 -5.677179487e-06 9.999999992e-01 -1.004334465e-03
9.999999483e-01 3.212665130e-04 -9.821115382e-06 5.530387629e-04 -3.212662607e-04 9.999999481e-01 2.567314636e-05 1.932241380e-02 9.829362794e-06 -2.566998984e-05 9.999999996e-01 -6.243766863e-05
9.999999981e-01 5.055000794e-05 -3.389262211e-05 -1.268847488e-03 -5.055017920e-05 9.999999987e-01 -5.052089596e-06 1.662819198e-02 3.389236668e-05 5.053802865e-06 9.999999994e-01 -6.803922946e-04
9.999999762e-01 -2.174197722e-04 -2.035654431e-05 5.068632578e-03 2.174201904e-04 9.999999762e-01 2.054625938e-05 1.664715768e-02 2.035207666e-05 -2.055068481e-05 9.999999996e-01 -7.373391936e-04
9.999999993e-01 -1.544208169e-05 -3.405561478e-05 -1.848790018e-03 1.544185724e-05 9.999999999e-01 -6.591135465e-06 1.583714959e-02 3.405571655e-05 6.590609579e-06 9.999999994e-01 -7.246312571e-04
9.999999303e-01 -3.728179500e-04 -2.088927399e-05 2.992398269e-03 3.728180625e-04 9.999999305e-01 5.383349583e-06 1.616706135e-02 2.088726553e-05 -5.391137106e-06 9.999999998e-01 -3.886217984e-04
9.999998733e-01 -5.032307861e-04 -1.228937969e-05 3.068075416e-03 5.032308488e-04 9.999998734e-01 5.099638937e-06 1.440658260e-02 1.228681184e-05 -5.105822686e-06 9.999999999e-01 -7.711841669e-05
9.999999768e-01 -2.107057172e-04 -4.417860432e-05 3.049340153e-03 2.107062803e-04 9.999999777e-01 1.274193444e-05 1.870682605e-02 4.417591854e-05 -1.275124286e-05 9.999999989e-01 -1.317230783e-03
9.999999447e-01 -3.309508033e-04 -3.184597173e-05 6.342673048e-03 3.309511708e-04 9.999999452e-01 1.153629865e-05 1.534663475e-02 3.184215204e-05 -1.154683748e-05 9.999999994e-01 -1.121122146e-03
9.999999289e-01 -3.761623061e-04 -2.688439569e-05 6.838464846e-03 3.761623296e-04 9.999999293e-01 8.701853620e-07 1.470385294e-02 2.688406646e-05 -8.802981971e-07 9.999999996e-01 -9.088894222e-04
9.999999976e-01 -6.690753936e-05 -2.026698714e-05 1.303409572e-03 6.690748483e-05 9.999999978e-01 -2.690953870e-06 1.326343155e-02 2.026716713e-05 2.689597850e-06 9.999999998e-01 -2.708728902e-04
9.999999980e-01 4.185218515e-05 -4.638495791e-05 2.796596404e-03 -4.185196551e-05 9.999999991e-01 4.736142648e-06 1.930565668e-02 4.638515609e-05 -4.734201337e-06 9.999999989e-01 -1.308436074e-03
9.999999842e-01 1.763037940e-04 -2.304898253e-05 -1.126233870e-03 -1.763034522e-04 9.999999843e-01 1.483126467e-05 1.941746647e-02 2.305159697e-05 -1.482720082e-05 9.999999996e-01 -3.925874749e-04
9.999998763e-01 -4.971624327e-04 -1.251397376e-05 4.330796200e-03 4.971625208e-04 9.999998764e-01 7.035559581e-06 1.276884412e-02 1.251047440e-05 -7.041780190e-06 9.999999999e-01 -1.347944869e-04
9.999999995e-01 -2.664613930e-05 -1.662717936e-05 7.136746563e-04 2.664637645e-05 9.999999995e-01 1.426266182e-05 1.980771545e-02 1.662679930e-05 -1.426310487e-05 9.999999998e-01 1.531107658e-04
9.999999790e-01 -2.032666689e-04 -2.429862347e-05 1.992689252e-03 2.032673313e-04 9.999999790e-01 2.726297915e-05 1.925204358e-02 2.429308130e-05 -2.726791770e-05 9.999999993e-01 -7.084634282e-04
9.999999622e-01 -2.747605562e-04 -1.160803411e-05 1.823605759e-03 2.747608115e-04 9.999999620e-01 2.199800613e-05 2.020631052e-02 1.160198949e-05 -2.200119473e-05 9.999999997e-01 1.982272572e-05
9.999999926e-01 -1.200549090e-04 -1.954530975e-05 1.493927425e-03 1.200551711e-04 9.999999927e-01 1.341057524e-05 2.050833479e-02 1.954369960e-05 -1.341292166e-05 9.999999997e-01 -2.786305786e-04
9.999999514e-01 -3.113010051e-04 -1.725609614e-05 3.992287567e-03 3.113010729e-04 9.999999515e-01 3.924344843e-06 1.347571225e-02 1.725487365e-05 -3.929716493e-06 9.999999998e-01 -3.123174905e-04
9.999999870e-01 1.586930327e-04 -2.780309957e-05 1.538745781e-03 -1.586930085e-04 9.999999874e-01 8.718452073e-07 1.695565781e-02 2.780323758e-05 -8.674330385e-07 9.999999996e-01 -4.137233599e-04
9.999999992e-01 -3.362856995e-05 -1.925999941e-05 2.611329955e-03 3.362900175e-05 9.999999992e-01 2.241990258e-05 1.732420950e-02 1.925924545e-05 -2.242055026e-05 9.999999996e-01 -2.111022357e-04
9.999999940e-01 -1.073616535e-04 -1.937605165e-05 -1.436737466e-03 1.073617916e-04 9.999999942e-01 7.124210173e-06 1.799150616e-02 1.937528667e-05 -7.126290378e-06 9.999999998e-01 -7.147529081e-05
9.999999470e-01 -3.255261536e-04 -5.633892813e-06 4.049723021e-03 3.255262388e-04 9.999999469e-01 1.512687272e-05 1.463271258e-02 5.628968321e-06 -1.512870590e-05 9.999999999e-01 3.677034022e-04
9.999999979e-01 -6.042166163e-05 -2.175781846e-05 2.939782643e-03 6.042192422e-05 9.999999981e-01 1.206795981e-05 1.701220440e-02 2.175708925e-05 -1.206927444e-05 9.999999997e-01 -1.540477907e-04
9.999999995e-01 2.108413187e-05 -2.532076112e-05 3.932231035e-03 -2.108408024e-05 9.999999998e-01 2.039316128e-06 1.512703704e-02 2.532080412e-05 -2.038782262e-06 9.999999997e-01 -6.224120673e-04
9.999999243e-01 -3.885962934e-04 -2.152255853e-05 3.864827861e-03 3.885965277e-04 9.999999244e-01 1.088365439e-05 1.669928071e-02 2.151832755e-05 -1.089201715e-05 9.999999997e-01 -4.609331973e-04
9.999999977e-01 -6.519202319e-05 -1.615317059e-05 -9.183789441e-05 6.519222486e-05 9.999999978e-01 1.248441531e-05 1.813554924e-02 1.615235668e-05 -1.248546835e-05 9.999999998e-01 9.200562494e-05
9.999999641e-01 -2.661248462e-04 -3.091052071e-05 2.490332026e-03 2.661249041e-04 9.999999646e-01 1.868774458e-06 1.415197958e-02 3.091002228e-05 -1.877000451e-06 9.999999995e-01 -4.473241087e-04
9.999999865e-01 -1.635661263e-04 -1.793619259e-05 1.444815478e-03 1.635662720e-04 9.999999866e-01 8.122459177e-06 1.443900837e-02 1.793486379e-05 -8.125392823e-06 9.999999998e-01 6.129007291e-05
9.999999657e-01 -2.599388635e-04 -3.109580281e-05 8.841561881e-04 2.599390795e-04 9.999999662e-01 6.943545977e-06 1.416726955e-02 3.109399686e-05 -6.951628753e-06 9.999999995e-01 -4.290180500e-04
9.999999635e-01 -2.688241504e-04 -2.584369238e-05 5.799092548e-03 2.688242153e-04 9.999999639e-01 2.507682654e-06 1.382779617e-02 2.584301732e-05 -2.514629973e-06 9.999999997e-01 -4.683499347e-04
9.999999988e-01 4.525014553e-05 -2.110717041e-05 -2.200798288e-03 -4.524937102e-05 9.999999983e-01 3.669295436e-05 1.765791925e-02 2.110883073e-05 -3.669199923e-05 9.999999991e-01 -1.823635799e-04
9.999999699e-01 -2.438414327e-04 -2.561343555e-05 4.765428445e-03 2.438415535e-04 9.999999703e-01 4.712424161e-06 1.492863854e-02 2.561228571e-05 -4.718669639e-06 9.999999997e-01 -5.826778051e-04
9.999999174e-01 -4.055585662e-04 -2.673172574e-05 4.365531295e-03 4.055586333e-04 9.999999178e-01 2.507688197e-06 1.050090254e-02 2.673070653e-05 -2.518529272e-06 9.999999996e-01 -5.684931611e-04
9.999999970e-01 -7.454243090e-05 -2.220755953e-05 8.562372773e-03 7.454248607e-05 9.999999972e-01 2.483598341e-06 1.453126757e-02 2.220737433e-05 -2.485253740e-06 9.999999998e-01 2.727580792e-06
9.999999996e-01 8.765436354e-06 -2.523427274e-05 1.701555829e-02 -8.765261203e-06 9.999999999e-01 6.941102585e-06 1.664908166e-02 2.523433358e-05 -6.940881397e-06 9.999999997e-01 -9.882872834e-05
9.999999917e-01 -1.260243677e-04 -2.831523756e-05 3.059559930e-02 1.260246091e-04 9.999999920e-01 8.523551566e-06 1.358592010e-02 2.831416316e-05 -8.527119911e-06 9.999999996e-01 -2.092053596e-04
9.999999552e-01 -2.978907213e-04 -2.859385860e-05 4.751823770e-02 2.978908977e-04 9.999999556e-01 6.163302596e-06 1.704170821e-02 2.859202134e-05 -6.171820170e-06 9.999999996e-01 -5.186831499e-04
9.999999819e-01 -1.855844539e-04 -4.230471756e-05 6.402796553e-02 1.855846817e-04 9.999999828e-01 5.380522884e-06 1.928972513e-02 4.230371829e-05 -5.388373894e-06 9.999999991e-01 -1.073067608e-03
9.999999515e-01 -3.088598550e-04 -3.899055825e-05 8.096198296e-02 3.088593495e-04 9.999999522e-01 -1.296922875e-05 1.753785975e-02 3.899456206e-05 1.295718552e-05 9.999999992e-01 1.626992780e-04
9.999999976e-01 -3.882349250e-05 -5.710407571e-05 1.034161743e-01 3.882307955e-05 9.999999992e-01 -7.232608494e-06 1.573294636e-02 5.710435646e-05 7.230391520e-06 9.999999983e-01 -1.044765449e-03
9.999999891e-01 1.447924540e-04 -2.770871647e-05 1.296176228e-01 -1.447932608e-04 9.999999891e-01 -2.911929466e-05 1.936572698e-02 2.770449992e-05 2.912330638e-05 9.999999992e-01 2.323020921e-04
9.999999887e-01 1.473064427e-04 -3.085048924e-05 1.599169308e-01 -1.473067224e-04 9.999999891e-01 -9.065818035e-06 1.875322637e-02 3.084915345e-05 9.070362417e-06 9.999999995e-01 6.079926042e-04
9.999998976e-01 4.514978900e-04 -3.156435838e-05 1.999678006e-01 -4.514971811e-04 9.999998978e-01 2.246400233e-05 1.992204593e-02 3.157449760e-05 -2.244974881e-05 9.999999992e-01 -1.681192333e-04
9.999997710e-01 6.765240705e-04 -1.692728238e-05 2.813056740e-01 -6.765245324e-04 9.999997708e-01 -2.729727748e-05 1.774482852e-02 1.690881123e-05 2.730872295e-05 9.999999995e-01 -6.611786793e-04
9.999994022e-01 1.093363420e-03 -8.012011293e-06 3.261539687e-01 -1.093363222e-03 9.999994020e-01 2.468218261e-05 1.573597783e-02 8.038993097e-06 -2.467340782e-05 9.999999997e-01 -2.573595070e-05
9.999991312e-01 1.317962611e-03 -2.256158075e-05 3.968698820e-01 -1.317962462e-03 9.999991315e-01 6.606812843e-06 1.961500598e-02 2.257026868e-05 -6.577071786e-06 9.999999997e-01 5.389364158e-04
9.999986533e-01 1.640610501e-03 -4.287165211e-05 4.538984110e-01 -1.640610080e-03 9.999986541e-01 9.854609485e-06 1.412324742e-02 4.288776198e-05 -9.784260549e-06 9.999999990e-01 1.109003075e-03
9.999982636e-01 1.862456684e-03 -6.315068347e-05 5.158239440e-01 -1.862459615e-03 9.999982645e-01 -4.638483623e-05 7.765687424e-03 6.306418412e-05 4.650237128e-05 9.999999969e-01 1.319950052e-03
9.999964984e-01 2.641914199e-03 -1.530713808e-04 5.736638598e-01 -2.641921822e-03 9.999965089e-01 -4.961523929e-05 1.046409206e-02 1.529397672e-04 5.001946818e-05 9.999999871e-01 -5.655139782e-04
9.999947649e-01 3.233519195e-03 -1.203110219e-04 6.495681865e-01 -3.233523574e-03 9.999947715e-01 -3.622039871e-05 6.050785989e-03 1.201932735e-04 3.660923762e-05 9.999999921e-01 1.460529173e-03
9.999889776e-01 4.693262818e-03 -1.338323902e-04 7.277168980e-01 -4.693263243e-03 9.999889866e-01 -2.864964163e-06 4.686859752e-03 1.338174703e-04 3.493043222e-06 9.999999910e-01 1.723508166e-03
9.999876892e-01 4.960199775e-03 -1.335816685e-04 8.175716044e-01 -4.960203438e-03 9.999876977e-01 -2.710210506e-05 -1.047183052e-03 1.334455933e-04 2.776436366e-05 9.999999907e-01 2.069924293e-03
9.999853322e-01 5.413293796e-03 -1.776024832e-04 9.047947858e-01 -5.413295448e-03 9.999853480e-01 -8.827337773e-06 -2.780394450e-03 1.775520960e-04 9.788623010e-06 9.999999842e-01 2.881550407e-04
9.999818560e-01 6.020395721e-03 -2.063449878e-04 9.986333537e-01 -6.020408548e-03 9.999818753e-01 -6.159537257e-05 -2.725431723e-03 2.059704193e-04 6.283653611e-05 9.999999768e-01 1.292219665e-03
9.999736033e-01 7.262958332e-03 -2.051369022e-04 1.087355744e+00 -7.262970330e-03 9.999736226e-01 -5.780419344e-05 -5.949772911e-03 2.047116617e-04 5.929257083e-05 9.999999773e-01 4.806820428e-04
9.999682919e-01 7.961189812e-03 -1.863159949e-04 1.181737794e+00 -7.961187444e-03 9.999683092e-01 1.344908140e-05 -9.602330771e-03 1.864171610e-04 -1.196535840e-05 9.999999826e-01 1.366198758e-03
9.999639614e-01 8.488096900e-03 -1.676216765e-04 1.290444211e+00 -8.488098458e-03 9.999639754e-01 -8.584689086e-06 -1.782927395e-02 1.675427703e-04 1.000716900e-05 9.999999859e-01 1.833885490e-03
9.999588348e-01 9.071898232e-03 -1.716420617e-04 1.392319314e+00 -9.071895669e-03 9.999588494e-01 1.570928390e-05 -2.339537186e-02 1.717775115e-04 -1.415151835e-05 9.999999851e-01 3.995901772e-03
9.999510505e-01 9.893468707e-03 -1.263849625e-04 1.510077709e+00 -9.893470871e-03 9.999510583e-01 -1.651022057e-05 -2.263362776e-02 1.262154336e-04 1.775979834e-05 9.999999919e-01 2.912183731e-03
9.999430959e-01 1.066734760e-02 -1.129218581e-04 1.613670187e+00 -1.066734763e-02 9.999431022e-01 3.708591928e-07 -3.079688945e-02 1.129193892e-04 8.337386261e-07 9.999999936e-01 5.125296057e-03
9.999363016e-01 1.128621243e-02 -1.192772073e-04 1.733558744e+00 -1.128621283e-02 9.999363087e-01 -2.674995062e-06 -3.915880492e-02 1.192394198e-04 4.021012616e-06 9.999999929e-01 6.525029960e-03
9.999235392e-01 1.236501077e-02 -1.492167824e-04 1.851684259e+00 -1.236501245e-02 9.999235503e-01 -1.030985591e-05 -4.155430104e-02 1.490778934e-04 1.215413498e-05 9.999999888e-01 4.078816915e-03
9.999151870e-01 1.302226560e-02 -1.987411496e-04 1.971592312e+00 -1.302226127e-02 9.999152065e-01 2.306707180e-05 -4.517793133e-02 1.990246832e-04 -2.047705624e-05 9.999999800e-01 2.531832459e-03
9.999038933e-01 1.386104885e-02 -2.746023149e-04 2.099153860e+00 -1.386105663e-02 9.999039306e-01 -2.644849930e-05 -5.690699272e-02 2.742093300e-04 3.025223566e-05 9.999999619e-01 5.632604117e-04
9.998923122e-01 1.467087756e-02 -3.596789465e-04 2.215477441e+00 -1.467087578e-02 9.998923769e-01 7.607596325e-06 -6.101778509e-02 3.597518469e-04 -2.329971936e-06 9.999999353e-01 3.031508861e-05
9.998804214e-01 1.545938866e-02 -3.874893042e-04 2.341837371e+00 -1.545941581e-02 9.998804938e-01 -6.716949087e-05 -5.955201255e-02 3.864045975e-04 7.315181711e-05 9.999999227e-01 -2.749594280e-04
9.998729962e-01 1.593075115e-02 -4.502528196e-04 2.479278107e+00 -1.593078883e-02 9.998730937e-01 -8.023086466e-05 -6.589044268e-02 4.489175417e-04 8.739355762e-05 9.999998954e-01 -1.238892941e-03
9.998648603e-01 1.643300812e-02 -4.662797593e-04 2.608743961e+00 -1.643305515e-02 9.998649635e-01 -9.719601395e-05 -7.415760220e-02 4.646195716e-04 1.048452799e-04 9.999998866e-01 -2.960267348e-03
9.998585547e-01 1.681022515e-02 -5.356680414e-04 2.740691963e+00 -1.681024921e-02 9.998586970e-01 -4.044228878e-05 -7.238327603e-02 5.349125059e-04 4.944128167e-05 9.999998557e-01 -8.403471937e-05
9.998528937e-01 1.714633801e-02 -4.404720673e-04 2.874624855e+00 -1.714632302e-02 9.998529903e-01 3.776580531e-05 -7.909634093e-02 4.410548589e-04 -3.020777337e-05 9.999999023e-01 7.706537208e-04
9.998460145e-01 1.754021187e-02 -5.368191330e-04 3.014447751e+00 -1.754022370e-02 9.998461583e-01 -1.733923060e-05 -9.067996232e-02 5.364324141e-04 2.675248829e-05 9.999998558e-01 3.741060238e-03
9.998395630e-01 1.790470394e-02 -5.193667181e-04 3.164094508e+00 -1.790467605e-02 9.998396967e-01 5.828433907e-05 -8.783059468e-02 5.203270257e-04 -4.897589527e-05 9.999998634e-01 4.099048471e-03
9.998346128e-01 1.817853718e-02 -5.364698385e-04 3.303514140e+00 -1.817852755e-02 9.998347567e-01 2.281757617e-05 -9.499491042e-02 5.367959806e-04 -1.306157069e-05 9.999998558e-01 6.121491543e-03
9.998195506e-01 1.898563186e-02 -6.418168335e-04 3.438906272e+00 -1.898559654e-02 9.998197555e-01 6.107859624e-05 -9.799135043e-02 6.428607653e-04 -4.888229919e-05 9.999997922e-01 4.537931598e-03
9.998056478e-01 1.970388246e-02 -6.509199757e-04 3.576401035e+00 -1.970388737e-02 9.998058596e-01 -1.135439750e-06 -1.131814695e-01 6.507712332e-04 1.396087297e-05 9.999997882e-01 6.334357945e-03
9.997908503e-01 2.043642471e-02 -7.799089258e-04 3.724223387e+00 -2.043639128e-02 9.997911539e-01 5.081315099e-05 -1.157406760e-01 7.807844839e-04 -3.486399946e-05 9.999996946e-01 4.866049662e-03
9.997823954e-01 2.084929402e-02 -6.847333725e-04 3.878120703e+00 -2.084893832e-02 9.997825007e-01 5.225617528e-04 -1.205409306e-01 6.954794871e-04 -5.081720771e-04 9.999996290e-01 6.821242388e-03
9.997745644e-01 2.121749634e-02 -7.988409538e-04 4.024572002e+00 -2.121725787e-02 9.997748419e-01 3.058212214e-04 -1.239927764e-01 8.051498489e-04 -2.888030639e-04 9.999996342e-01 1.065389223e-02
9.997575899e-01 2.200222630e-02 -8.145078241e-04 4.166861970e+00 -2.200205727e-02 9.997579021e-01 2.159153190e-04 -1.333507950e-01 8.190612512e-04 -1.979421311e-04 9.999996450e-01 9.967060652e-03
9.997507617e-01 2.229918465e-02 -1.077397838e-03 4.315920048e+00 -2.229912178e-02 9.997513412e-01 7.033231643e-05 -1.471495300e-01 1.078698287e-03 -4.628976134e-05 9.999994171e-01 9.122087469e-03
9.997493533e-01 2.236511958e-02 -1.015904833e-03 4.464764894e+00 -2.236503343e-02 9.997498667e-01 9.607888122e-05 -1.602789180e-01 1.017799537e-03 -7.333405381e-05 9.999994794e-01 8.963700735e-03
9.997314586e-01 2.314644433e-02 -1.119271984e-03 4.613196122e+00 -2.314632985e-02 9.997320812e-01 1.151321710e-04 -1.603774886e-01 1.121637010e-03 -8.919421473e-05 9.999993670e-01 5.579465535e-03
9.997263557e-01 2.335496830e-02 -1.326356255e-03 4.762346512e+00 -2.335490482e-02 9.997272350e-01 6.333053634e-05 -1.739384006e-01 1.327473554e-03 -3.233628221e-05 9.999991184e-01 2.974864918e-03
9.997053995e-01 2.423815399e-02 -1.275215692e-03 4.923439950e+00 -2.423822639e-02 9.997062102e-01 -4.134758279e-05 -1.776501003e-01 1.273838857e-03 7.224436841e-05 9.999991861e-01 2.620320409e-03
9.996984008e-01 2.452297249e-02 -1.315784496e-03 5.072027838e+00 -2.452310968e-02 9.996992594e-01 -8.823606201e-05 -1.819295761e-01 1.313224976e-03 1.204765776e-04 9.999991305e-01 2.834591311e-03
9.996912950e-01 2.480402747e-02 -1.440483292e-03 5.233716848e+00 -2.480423167e-02 9.996923200e-01 -1.240609094e-04 -1.940644515e-01 1.436962874e-03 1.597526925e-04 9.999989548e-01 7.259147379e-04
9.996721800e-01 2.557127103e-02 -1.281618242e-03 5.389075672e+00 -2.557120170e-02 9.996730009e-01 7.045998058e-05 -2.055910639e-01 1.283000905e-03 -3.766436384e-05 9.999991762e-01 1.600201815e-03
9.996721482e-01 2.556267540e-02 -1.464802188e-03 5.542398478e+00 -2.556275966e-02 9.996732185e-01 -3.882061933e-05 -2.189141532e-01 1.463331159e-03 7.625227821e-05 9.999989264e-01 2.147589670e-03
9.996470738e-01 2.652241230e-02 -1.513137168e-03 5.703238189e+00 -2.652226551e-02 9.996482160e-01 1.169994636e-04 -2.120678232e-01 1.515707979e-03 -7.682634572e-05 9.999988484e-01 1.826137520e-03
9.996394607e-01 2.681571641e-02 -1.366019594e-03 5.855270789e+00 -2.681575746e-02 9.996403928e-01 -1.174056719e-05 -2.240339850e-01 1.365213532e-03 4.836718437e-05 9.999990669e-01 3.868511734e-03
9.996277666e-01 2.724656403e-02 -1.397497465e-03 6.013443225e+00 -2.724655551e-02 9.996287434e-01 2.513413590e-05 -2.389659539e-01 1.397663454e-03 1.295221214e-05 9.999990232e-01 5.026973309e-03
9.996057039e-01 2.804791661e-02 -1.323288693e-03 6.178128866e+00 -2.804775966e-02 9.996065748e-01 1.370156669e-04 -2.398245490e-01 1.326611082e-03 -9.984635897e-05 9.999991151e-01 7.848192248e-03
9.995976230e-01 2.834215355e-02 -1.146484729e-03 6.328033619e+00 -2.834191806e-02 9.995982627e-01 2.211314157e-04 -2.499093264e-01 1.152291484e-03 -1.885488612e-04 9.999993183e-01 7.966154242e-03
9.995964916e-01 2.838958204e-02 -9.410866390e-04 6.492764726e+00 -2.838920730e-02 9.995968615e-01 4.091958374e-04 -2.523506956e-01 9.523241495e-04 -3.823140197e-04 9.999994735e-01 5.450410207e-03
9.995817108e-01 2.891215832e-02 -7.004141424e-04 6.650914745e+00 -2.891180384e-02 9.995818358e-01 5.110452191e-04 -2.635413587e-01 7.148966746e-04 -4.905812181e-04 9.999996241e-01 1.065954814e-02
9.995697699e-01 2.932133185e-02 -7.311836983e-04 6.815253917e+00 -2.932097437e-02 9.995699253e-01 4.949367281e-04 -2.737503458e-01 7.453814387e-04 -4.732847729e-04 9.999996102e-01 7.697689029e-03
9.995434368e-01 3.019895393e-02 -9.701568427e-04 6.977097882e+00 -3.019844642e-02 9.995437805e-01 5.335818155e-04 -2.861797959e-01 9.858278509e-04 -5.040409722e-04 9.999993870e-01 5.537091168e-03
9.995251338e-01 3.080332298e-02 -8.137580085e-04 7.138131302e+00 -3.080291940e-02 9.995253505e-01 5.039086977e-04 -3.056126738e-01 8.288938210e-04 -4.786032861e-04 9.999995419e-01 5.908324476e-03
9.995190879e-01 3.099245372e-02 -1.029906551e-03 7.295295754e+00 -3.099210138e-02 9.995195659e-01 3.563330115e-04 -3.035071018e-01 1.040455384e-03 -3.242426784e-04 9.999994062e-01 6.193101715e-03
9.994869165e-01 3.201494022e-02 -9.733019297e-04 7.450005532e+00 -3.201445765e-02 9.994872771e-01 5.074041996e-04 -3.136754874e-01 9.890474106e-04 -4.759841255e-04 9.999993976e-01 3.755572295e-03
9.994802577e-01 3.221995087e-02 -1.043623553e-03 7.613601823e+00 -3.221958388e-02 9.994807472e-01 3.665736589e-04 -3.174395252e-01 1.054892633e-03 -3.327580185e-04 9.999993882e-01 6.359407066e-03
9.994666159e-01 3.263974827e-02 -1.063287989e-03 7.775155186e+00 -3.263924320e-02 9.994670784e-01 4.889477511e-04 -3.269953727e-01 1.078680472e-03 -4.539820389e-04 9.999993152e-01 7.509605920e-03
9.994537991e-01 3.302735349e-02 -1.139032095e-03 7.933832158e+00 -3.302682934e-02 9.994543521e-01 4.759577201e-04 -3.435483438e-01 1.154130209e-03 -4.380791330e-04 9.999992380e-01 6.103508692e-03
9.994292803e-01 3.375779131e-02 -1.234970882e-03 8.101920251e+00 -3.375725418e-02 9.994299587e-01 4.532277290e-04 -3.444493115e-01 1.249566865e-03 -4.112798370e-04 9.999991347e-01 6.379156137e-03
9.994156492e-01 3.415502725e-02 -1.339526989e-03 8.264006430e+00 -3.415433978e-02 9.994164283e-01 5.327851671e-04 -3.563812914e-01 1.356942571e-03 -4.867231737e-04 9.999989609e-01 6.069291247e-03
9.994079828e-01 3.437650012e-02 -1.392895169e-03 8.420403785e+00 -3.437587305e-02 9.994088637e-01 4.716632221e-04 -3.665487799e-01 1.408285909e-03 -4.235020018e-04 9.999989187e-01 9.596567501e-03
9.993896901e-01 3.490251827e-02 -1.435794021e-03 8.590662522e+00 -3.490193007e-02 9.993906484e-01 4.327131946e-04 -3.653755662e-01 1.450021897e-03 -3.823371229e-04 9.999988756e-01 7.444833734e-03
9.993702240e-01 3.545481200e-02 -1.453176804e-03 8.749668850e+00 -3.545412939e-02 9.993711832e-01 4.928426575e-04 -3.871900644e-01 1.469736666e-03 -4.410111586e-04 9.999988227e-01 9.755109398e-03
9.993601386e-01 3.573291283e-02 -1.572385284e-03 8.913605442e+00 -3.573208218e-02 9.993612521e-01 5.532377326e-04 -3.950925114e-01 1.591149722e-03 -4.966991370e-04 9.999986108e-01 5.721950668e-03
9.993611890e-01 3.570200635e-02 -1.606422322e-03 9.077934797e+00 -3.570098248e-02 9.993622977e-01 6.615931321e-04 -4.102413476e-01 1.629018105e-03 -6.038196439e-04 9.999984908e-01 7.271824149e-03
9.993486360e-01 3.604155225e-02 -1.819425663e-03 9.245906416e+00 -3.604018327e-02 9.993500374e-01 7.796948749e-04 -4.192818633e-01 1.846344518e-03 -7.136145754e-04 9.999980409e-01 6.034140307e-03
9.993333074e-01 3.645566264e-02 -1.981272414e-03 9.406582633e+00 -3.645425279e-02 9.993350465e-01 7.431170456e-04 -4.261821524e-01 2.007045784e-03 -6.703958095e-04 9.999977612e-01 3.016649106e-03
9.993288414e-01 3.656830266e-02 -2.150819543e-03 9.572691944e+00 -3.656697211e-02 9.993309901e-01 6.547426804e-04 -4.303594390e-01 2.173323452e-03 -5.756542859e-04 9.999974726e-01 1.764340263e-03
9.993255484e-01 3.666491373e-02 -2.032819561e-03 9.742328253e+00 -3.666352678e-02 9.993274108e-01 7.154083643e-04 -4.475033423e-01 2.057682694e-03 -6.403955216e-04 9.999976779e-01 2.290629632e-03
9.992988739e-01 3.738073688e-02 -2.107398406e-03 9.904410929e+00 -3.737928564e-02 9.993008881e-01 7.238836110e-04 -4.595546788e-01 2.132984402e-03 -6.446030304e-04 9.999975174e-01 1.133717413e-03
9.993028693e-01 3.727982257e-02 -1.997556371e-03 1.007639690e+01 -3.727816946e-02 9.993045587e-01 8.585200726e-04 -4.594486115e-01 2.028172664e-03 -7.834563270e-04 9.999976364e-01 6.915111565e-03
9.993040068e-01 3.724135321e-02 -2.140956486e-03 1.024232231e+01 -3.723973124e-02 9.993060464e-01 7.925427429e-04 -4.660332271e-01 2.168986125e-03 -7.122624944e-04 9.999973941e-01 5.002583837e-03
9.992990921e-01 3.737500781e-02 -2.105551877e-03 1.041220937e+01 -3.737312193e-02 9.993009499e-01 9.280207706e-04 -4.735179362e-01 2.138764775e-03 -8.486792665e-04 9.999973527e-01 5.700920989e-03
9.992936595e-01 3.751503932e-02 -2.191761378e-03 1.056600931e+01 -3.751289137e-02 9.992956303e-01 1.013050419e-03 -4.861588171e-01 2.228222194e-03 -9.301155540e-04 9.999970850e-01 6.969873258e-03
9.992867169e-01 3.769150167e-02 -2.325548880e-03 1.074209284e+01 -3.768962473e-02 9.992891358e-01 8.457238022e-04 -5.020113108e-01 2.355772331e-03 -7.574714971e-04 9.999969383e-01 8.072705433e-03
9.992644445e-01 3.827516744e-02 -2.362542012e-03 1.092142726e+01 -3.827291499e-02 9.992668318e-01 9.913802025e-04 -5.122337849e-01 2.398755115e-03 -9.002296177e-04 9.999967178e-01 9.577368193e-03
9.992499353e-01 3.863899066e-02 -2.568102983e-03 1.108337625e+01 -3.863691329e-02 9.992529510e-01 8.536764741e-04 -5.166334398e-01 2.599169682e-03 -7.538125892e-04 9.999963380e-01 8.046307960e-03
9.992567352e-01 3.846745012e-02 -2.496486529e-03 1.123830914e+01 -3.846544939e-02 9.992595738e-01 8.445605298e-04 -5.348493016e-01 2.527126155e-03 -7.479043214e-04 9.999965271e-01 1.045094215e-02
9.992459398e-01 3.874557555e-02 -2.516374409e-03 1.141784661e+01 -3.874348767e-02 9.992488077e-01 8.732474723e-04 -5.444678276e-01 2.548318604e-03 -7.750958702e-04 9.999964526e-01 1.001093300e-02
9.992212017e-01 3.937606537e-02 -2.552554372e-03 1.158330064e+01 -3.937374824e-02 9.992241000e-01 9.517743878e-04 -5.493823059e-01 2.588050976e-03 -8.505295143e-04 9.999962893e-01 1.001434037e-02
9.992054128e-01 3.976911104e-02 -2.638331268e-03 1.173972030e+01 -3.976690747e-02 9.992085940e-01 8.825028298e-04 -5.629167508e-01 2.671339630e-03 -7.768833289e-04 9.999961302e-01 1.167530425e-02
9.991910238e-01 4.012110912e-02 -2.755811008e-03 1.191237374e+01 -4.011913278e-02 9.991946078e-01 7.687487306e-04 -5.719720354e-01 2.784434551e-03 -6.575660834e-04 9.999959073e-01 1.100521873e-02
9.991657856e-01 4.073334170e-02 -2.920224694e-03 1.208373708e+01 -4.073112083e-02 9.991698103e-01 8.160209319e-04 -5.802392182e-01 2.951039613e-03 -6.963961706e-04 9.999954032e-01 9.944306070e-03
9.991792067e-01 4.038667829e-02 -3.135134586e-03 1.225009548e+01 -4.038412295e-02 9.991838462e-01 8.741614423e-04 -6.001680915e-01 3.167880311e-03 -7.468342759e-04 9.999947034e-01 9.251128553e-03
9.991730727e-01 4.052664739e-02 -3.280483078e-03 1.241816133e+01 -4.052392285e-02 9.991781696e-01 8.928095404e-04 -6.060447146e-01 3.313969655e-03 -7.591332087e-04 9.999942206e-01 8.150079705e-03
9.991685644e-01 4.061671049e-02 -3.530249673e-03 1.258523245e+01 -4.061416186e-02 9.991745917e-01 7.906851358e-04 -6.109150535e-01 3.559450805e-03 -6.466496005e-04 9.999934561e-01 9.027714470e-03
9.991424152e-01 4.124099661e-02 -3.689766535e-03 1.275171094e+01 -4.123798704e-02 9.991489577e-01 8.880806178e-04 -6.172366809e-01 3.723251717e-03 -7.351604689e-04 9.999927984e-01 5.443857429e-03
9.991404882e-01 4.126380913e-02 -3.947525268e-03 1.291226814e+01 -4.126046160e-02 9.991479957e-01 9.257545267e-04 -6.342146937e-01 3.982362117e-03 -7.620821150e-04 9.999917800e-01 6.558460728e-03
9.991467253e-01 4.110002808e-02 -4.075406115e-03 1.309665626e+01 -4.109623980e-02 9.991546832e-01 1.009007012e-03 -6.481312771e-01 4.113431322e-03 -8.406621850e-04 9.999911864e-01 4.277280069e-03
9.991217566e-01 4.169697285e-02 -4.132549305e-03 1.325328269e+01 -4.169361399e-02 9.991300418e-01 8.956625517e-04 -6.497926878e-01 4.166300577e-03 -7.225750265e-04 9.999910599e-01 5.029216978e-03
9.991093358e-01 4.197944055e-02 -4.273367969e-03 1.341745268e+01 -4.197571960e-02 9.991181730e-01 9.567673998e-04 -6.666517154e-01 4.309764158e-03 -7.765375457e-04 9.999904114e-01 4.024533586e-03
9.990963511e-01 4.224918660e-02 -4.635462712e-03 1.358568773e+01 -4.224515396e-02 9.991068095e-01 9.644894451e-04 -6.718463841e-01 4.672071255e-03 -7.677920493e-04 9.999887911e-01 -6.045403843e-04
9.990929479e-01 4.230187387e-02 -4.881889513e-03 1.376011851e+01 -4.229749013e-02 9.991045625e-01 9.977849290e-04 -6.916989216e-01 4.919726258e-03 -7.903882126e-04 9.999875857e-01 9.941969895e-04
9.990760412e-01 4.269862023e-02 -4.887923202e-03 1.391986267e+01 -4.269478037e-02 9.990877681e-01 8.872978650e-04 -6.975621189e-01 4.921350677e-03 -6.777892308e-04 9.999876604e-01 2.598426140e-03
9.990796455e-01 4.257452615e-02 -5.222234747e-03 1.408514351e+01 -4.257093411e-02 9.990931289e-01 7.971285214e-04 -7.097802777e-01 5.251436222e-03 -5.740794693e-04 9.999860463e-01 1.273622416e-03
9.990593572e-01 4.303119052e-02 -5.358873873e-03 1.424660235e+01 -4.302757252e-02 9.990735739e-01 7.886644880e-04 -7.296082961e-01 5.387846444e-03 -5.573433021e-04 9.999853301e-01 -5.621255988e-03
9.990584194e-01 4.303552286e-02 -5.497126411e-03 1.442047046e+01 -4.303174176e-02 9.990733818e-01 8.043215899e-04 -7.452159245e-01 5.526647074e-03 -5.670133322e-04 9.999845672e-01 1.654227632e-03
9.990705785e-01 4.274010129e-02 -5.591318022e-03 1.458403922e+01 -4.273606801e-02 9.990860447e-01 8.389011967e-04 -7.522197513e-01 5.622062530e-03 -5.991705567e-04 9.999840166e-01 -1.912707704e-03
9.990821319e-01 4.243982623e-02 -5.809893134e-03 1.474976294e+01 -4.243582637e-02 9.990988662e-01 8.100643243e-04 -7.604627865e-01 5.839036632e-03 -5.627731758e-04 9.999827943e-01 -2.098761617e-03
9.990789252e-01 4.250165673e-02 -5.908504105e-03 1.491454512e+01 -4.249771488e-02 9.990962508e-01 7.911628944e-04 -7.755407083e-01 5.936790033e-03 -5.393362514e-04 9.999822317e-01 -2.228643256e-03
9.990955253e-01 4.211128106e-02 -5.896724955e-03 1.509025070e+01 -4.210718493e-02 9.991127650e-01 8.171335265e-04 -7.763346168e-01 5.925903715e-03 -5.680999617e-04 9.999822803e-01 -4.766980987e-04
9.991269801e-01 4.135927126e-02 -5.889678008e-03 1.524304325e+01 -4.135507150e-02 9.991441658e-01 8.331311125e-04 -7.906943389e-01 5.919095116e-03 -5.888357173e-04 9.999823086e-01 6.129884397e-04
9.991242741e-01 4.140755671e-02 -6.008259123e-03 1.540571011e+01 -4.140372705e-02 9.991422087e-01 7.604423336e-04 -8.009859272e-01 6.034593350e-03 -5.110120737e-04 9.999816611e-01 9.517242460e-04
9.991310020e-01 4.123504131e-02 -6.075546764e-03 1.557807348e+01 -4.123151251e-02 9.991493709e-01 7.049858197e-04 -8.077105490e-01 6.099448847e-03 -4.538692060e-04 9.999812952e-01 3.233235023e-03
9.991478405e-01 4.080018616e-02 -6.239998257e-03 1.573669806e+01 -4.079645525e-02 9.991672157e-01 7.240773793e-04 -8.160964232e-01 6.264344176e-03 -4.688905403e-04 9.999802689e-01 2.573450544e-03
9.991461763e-01 4.082258969e-02 -6.358812723e-03 1.589989806e+01 -4.081986241e-02 9.991663662e-01 5.581472522e-04 -8.240237558e-01 6.376296818e-03 -2.981048324e-04 9.999796268e-01 6.345233329e-03
9.991609829e-01 4.045528383e-02 -6.379674101e-03 1.606252041e+01 -4.045214016e-02 9.991812842e-01 6.210858931e-04 -8.379712017e-01 6.399577166e-03 -3.624933205e-04 9.999794568e-01 6.515267248e-03
9.991936307e-01 3.964050750e-02 -6.381106866e-03 1.621584564e+01 -3.963659165e-02 9.992138882e-01 7.390112805e-04 -8.522032531e-01 6.405385386e-03 -4.854900374e-04 9.999793675e-01 4.879772789e-03
9.991977464e-01 3.951664420e-02 -6.503727179e-03 1.638293657e+01 -3.951224452e-02 9.992187632e-01 8.036416272e-04 -8.619117235e-01 6.530403448e-03 -5.460200442e-04 9.999785276e-01 1.081581010e-02
9.992147442e-01 3.902381483e-02 -6.858345564e-03 1.654242819e+01 -3.901861906e-02 9.992380875e-01 8.898115729e-04 -8.683120853e-01 6.887843947e-03 -6.215096702e-04 9.999760854e-01 7.515703734e-03
9.992216654e-01 3.884798683e-02 -6.848161181e-03 1.670608196e+01 -3.884322315e-02 9.992449748e-01 8.273017373e-04 -8.771987982e-01 6.875129654e-03 -5.606531668e-04 9.999762088e-01 8.137317845e-03
9.992433257e-01 3.827881953e-02 -6.892611305e-03 1.686289984e+01 -3.827388420e-02 9.992669279e-01 8.465674916e-04 -8.861450777e-01 6.919964128e-03 -5.821199087e-04 9.999758873e-01 1.222767372e-02
9.992411298e-01 3.830654442e-02 -7.055007690e-03 1.702088023e+01 -3.830064153e-02 9.992657905e-01 9.699599487e-04 -8.948372067e-01 7.086983650e-03 -6.990125545e-04 9.999746427e-01 1.237902161e-02
9.992510591e-01 3.793540892e-02 -7.630570844e-03 1.717726096e+01 -3.792908358e-02 9.992799607e-01 9.720106928e-04 -9.176421759e-01 7.661950156e-03 -6.818621549e-04 9.999704144e-01 3.083691914e-03
9.992673537e-01 3.749540717e-02 -7.671389719e-03 1.732278886e+01 -3.749109493e-02 9.992967129e-01 7.052060070e-04 -9.294206281e-01 7.692436517e-03 -4.170805402e-04 9.999703258e-01 6.965600302e-03
9.992673639e-01 3.737900488e-02 -8.218602681e-03 1.748493355e+01 -3.737472870e-02 9.993010939e-01 6.733309317e-04 -9.337856167e-01 8.238027090e-03 -3.656695797e-04 9.999660000e-01 4.924659389e-03
9.992775519e-01 3.714753062e-02 -8.027158556e-03 1.763434110e+01 -3.714275835e-02 9.993096936e-01 7.428285609e-04 -9.454507630e-01 8.049211604e-03 -4.441410953e-04 9.999675059e-01 1.216031886e-02
9.992793807e-01 3.702694333e-02 -8.350130768e-03 1.778795318e+01 -3.702196821e-02 9.993141708e-01 7.496530406e-04 -9.480889973e-01 8.372161365e-03 -4.399745503e-04 9.999648561e-01 9.416143324e-03
9.992860409e-01 3.692659315e-02 -7.989693568e-03 1.795092848e+01 -3.692108041e-02 9.993178344e-01 8.364304615e-04 -9.548502363e-01 8.015129802e-03 -5.408451657e-04 9.999677321e-01 1.403204496e-02
9.992866494e-01 3.688301601e-02 -8.113910107e-03 1.810045540e+01 -3.687882777e-02 9.993195232e-01 6.652455481e-04 -9.618326760e-01 8.132925042e-03 -3.655395014e-04 9.999668604e-01 1.293489638e-02
9.993081174e-01 3.628813215e-02 -8.152169436e-03 1.826472874e+01 -3.628384755e-02 9.993412979e-01 6.729110660e-04 -9.740220521e-01 8.171218271e-03 -3.766534175e-04 9.999665441e-01 1.203030653e-02
9.993219530e-01 3.583766755e-02 -8.443689810e-03 1.842230328e+01 -3.583283841e-02 9.993575364e-01 7.225626801e-04 -9.884207935e-01 8.464160008e-03 -4.195113761e-04 9.999640904e-01 7.923081799e-03
9.993257901e-01 3.578584334e-02 -8.206009132e-03 1.857205331e+01 -3.578066445e-02 9.993593649e-01 7.771004004e-04 -9.945250892e-01 8.228561268e-03 -4.829600123e-04 9.999660282e-01 1.379542985e-02
9.993292999e-01 3.565305101e-02 -8.355253464e-03 1.872707322e+01 -3.564846975e-02 9.993641485e-01 6.966453118e-04 -9.976247546e-01 8.374778294e-03 -3.983260714e-04 9.999648516e-01 1.302126495e-02
9.993477447e-01 3.518606903e-02 -8.125617394e-03 1.887917059e+01 -3.517996716e-02 9.993805947e-01 8.927020150e-04 -1.007970979e+00 8.151995018e-03 -6.062607923e-04 9.999665882e-01 1.236913615e-02
9.993613595e-01 3.478742865e-02 -8.167488652e-03 1.903292428e+01 -3.478132455e-02 9.993945519e-01 8.882636951e-04 -1.021852890e+00 8.193444072e-03 -6.036203404e-04 9.999662510e-01 1.051928375e-02
9.993560455e-01 3.496297483e-02 -8.067508707e-03 1.919398376e+01 -3.495658162e-02 9.993883972e-01 9.321589482e-04 -1.025652981e+00 8.095165646e-03 -6.495461536e-04 9.999670226e-01 1.162384222e-02
9.993681520e-01 3.461042061e-02 -8.087985186e-03 1.935961124e+01 -3.460301222e-02 9.994005805e-01 1.054165225e-03 -1.041331112e+00 8.119622191e-03 -7.736305024e-04 9.999667361e-01 9.055548420e-03
9.993940855e-01 3.388535899e-02 -7.952628564e-03 1.951398987e+01 -3.387852151e-02 9.994254649e-01 9.929593049e-04 -1.050183318e+00 7.981706282e-03 -7.229343586e-04 9.999678843e-01 1.334977698e-02
9.994230319e-01 3.305601364e-02 -7.804050002e-03 1.966404404e+01 -3.304885671e-02 9.994531918e-01 1.044299458e-03 -1.067999773e+00 7.834303061e-03 -7.857820006e-04 9.999690026e-01 8.155994966e-03
9.994453204e-01 3.249991302e-02 -7.266850423e-03 1.982904770e+01 -3.249138635e-02 9.994711851e-01 1.288391649e-03 -1.070380175e+00 7.304880221e-03 -1.051566960e-03 9.999727661e-01 1.534373964e-02
9.994572256e-01 3.215562334e-02 -7.160317205e-03 1.997706456e+01 -3.214780303e-02 9.994823999e-01 1.204633715e-03 -1.078773363e+00 7.195346772e-03 -9.737914035e-04 9.999736390e-01 2.005857994e-02
9.994918697e-01 3.109515414e-02 -7.006690718e-03 2.013838228e+01 -3.108838024e-02 9.995160628e-01 1.073652376e-03 -1.092222802e+00 7.036685307e-03 -8.552801559e-04 9.999748765e-01 2.656276377e-02
9.994948714e-01 3.102411968e-02 -6.892459757e-03 2.029690203e+01 -3.101845472e-02 9.995183818e-01 9.273165092e-04 -1.104560129e+00 6.917909401e-03 -7.130546443e-04 9.999758167e-01 3.146274525e-02
9.995135206e-01 3.042840348e-02 -6.843564145e-03 2.045353746e+01 -3.042377852e-02 9.995367862e-01 7.789285483e-04 -1.104936425e+00 6.864095664e-03 -5.703425358e-04 9.999762792e-01 2.893315581e-02
9.995413347e-01 2.948225862e-02 -6.922186072e-03 2.060196891e+01 -2.947737535e-02 9.995651224e-01 8.064415649e-04 -1.122537149e+00 6.942951488e-03 -6.020238010e-04 9.999757162e-01 3.133467382e-02
9.995710073e-01 2.844366766e-02 -6.982775970e-03 2.075702776e+01 -2.843898902e-02 9.995952348e-01 7.684271425e-04 -1.140392846e+00 7.001806472e-03 -5.695144037e-04 9.999753249e-01 3.148599865e-02
9.995772508e-01 2.820018819e-02 -7.075951396e-03 2.091394317e+01 -2.819491331e-02 9.996020880e-01 8.441353262e-04 -1.139288098e+00 7.096940565e-03 -6.442726325e-04 9.999746089e-01 2.897031789e-02
9.995984811e-01 2.750968394e-02 -6.789245982e-03 2.106488627e+01 -2.750353782e-02 9.996212090e-01 9.970016824e-04 -1.145532031e+00 6.814101478e-03 -8.098730838e-04 9.999764558e-01 3.276094674e-02
9.996221546e-01 2.657455990e-02 -7.024295203e-03 2.122454953e+01 -2.656905243e-02 9.996465964e-01 8.762326290e-04 -1.151351626e+00 7.045098288e-03 -6.892726810e-04 9.999749454e-01 3.337337828e-02
9.996357399e-01 2.602698971e-02 -7.140256257e-03 2.137856604e+01 -2.602122763e-02 9.996609865e-01 8.987175208e-04 -1.156921810e+00 7.161226526e-03 -7.125919204e-04 9.999741042e-01 3.869389160e-02
9.996492886e-01 2.548873514e-02 -7.184990258e-03 2.153860145e+01 -2.548185486e-02 9.996747360e-01 1.047529087e-03 -1.169151386e+00 7.209353430e-03 -8.640748273e-04 9.999736390e-01 3.642035107e-02
9.996716563e-01 2.456847578e-02 -7.278015412e-03 2.169545796e+01 -2.456219746e-02 9.996978516e-01 9.507860068e-04 -1.169404332e+00 7.299175734e-03 -7.717097706e-04 9.999730629e-01 3.709930417e-02
9.996958806e-01 2.368603923e-02 -6.864249847e-03 2.185522849e+01 -2.368098488e-02 9.997192326e-01 8.166857450e-04 -1.184354635e+00 6.881666639e-03 -6.538851782e-04 9.999761073e-01 4.288944623e-02
9.996990798e-01 2.340357288e-02 -7.350012059e-03 2.202082223e+01 -2.339843543e-02 9.997259116e-01 7.841980649e-04 -1.196139635e+00 7.366350543e-03 -6.119833013e-04 9.999726808e-01 4.517164045e-02
9.997059332e-01 2.312429802e-02 -7.301647423e-03 2.217338414e+01 -2.312004272e-02 9.997324738e-01 6.666692698e-04 -1.203616243e+00 7.315110300e-03 -4.976588241e-04 9.999731204e-01 4.490584043e-02
9.997199244e-01 2.246761655e-02 -7.434980147e-03 2.233253263e+01 -2.246375775e-02 9.997474766e-01 6.021194078e-04 -1.205715841e+00 7.446630829e-03 -4.349331759e-04 9.999721789e-01 4.473642712e-02
9.997339312e-01 2.185612514e-02 -7.374051067e-03 2.249587850e+01 -2.185224403e-02 9.997610272e-01 6.064903607e-04 -1.209150747e+00 7.385544399e-03 -4.451894291e-04 9.999726274e-01 4.771306278e-02
9.997469681e-01 2.114723542e-02 -7.667734985e-03 2.264652761e+01 -2.114252595e-02 9.997762304e-01 6.947410956e-04 -1.220249952e+00 7.680711033e-03 -5.324500180e-04 9.999703611e-01 4.331449320e-02
9.997648956e-01 2.039877347e-02 -7.351427598e-03 2.280611021e+01 -2.039349680e-02 9.997917173e-01 7.920303360e-04 -1.230686174e+00 7.366052870e-03 -6.419228110e-04 9.999726642e-01 4.877254388e-02
9.997825185e-01 1.958371208e-02 -7.168958125e-03 2.297132216e+01 -1.957852065e-02 9.998080074e-01 7.936263032e-04 -1.233136121e+00 7.183123887e-03 -6.530961094e-04 9.999739878e-01 5.125070046e-02
9.997853756e-01 1.941821592e-02 -7.220502474e-03 2.312963268e+01 -1.941495714e-02 9.998113761e-01 5.211503272e-04 -1.251573424e+00 7.229260324e-03 -3.808527296e-04 9.999737960e-01 4.845921475e-02
9.997992853e-01 1.875172989e-02 -7.054202862e-03 2.328444268e+01 -1.874956372e-02 9.998241419e-01 3.730877464e-04 -1.259762992e+00 7.059958364e-03 -2.407496362e-04 9.999750492e-01 5.393113695e-02
9.998061919e-01 1.826297185e-02 -7.351363328e-03 2.344629816e+01 -1.826094454e-02 9.998331963e-01 3.428071962e-04 -1.261426550e+00 7.356397772e-03 -2.084979194e-04 9.999729196e-01 5.571749229e-02
9.998194159e-01 1.757976791e-02 -7.217150435e-03 2.360987050e+01 -1.757770482e-02 9.998454392e-01 3.491961238e-04 -1.259818107e+00 7.222173733e-03 -2.222721245e-04 9.999738951e-01 5.603071499e-02
9.998316017e-01 1.665312784e-02 -7.709833137e-03 2.377696545e+01 -1.665109345e-02 9.998613071e-01 3.279881504e-04 -1.273643126e+00 7.714225867e-03 -1.995557657e-04 9.999702250e-01 5.107958618e-02
9.998403331e-01 1.599085781e-02 -7.975011076e-03 2.393859963e+01 -1.598772479e-02 9.998720840e-01 4.564559923e-04 -1.278214469e+00 7.981290067e-03 -3.288808291e-04 9.999680949e-01 4.854818974e-02
9.998500424e-01 1.540663134e-02 -7.907490277e-03 2.409666486e+01 -1.540391629e-02 9.998812710e-01 4.041445736e-04 -1.287437272e+00 7.912777935e-03 -2.822776508e-04 9.999686536e-01 5.172344411e-02
9.998564738e-01 1.506827883e-02 -7.744598018e-03 2.426063847e+01 -1.506539270e-02 9.998864177e-01 4.308709938e-04 -1.294879978e+00 7.750210853e-03 -3.141337421e-04 9.999699173e-01 5.994881968e-02
9.998635292e-01 1.442748091e-02 -8.048034827e-03 2.442246253e+01 -1.442580433e-02 9.998959072e-01 2.663363061e-04 -1.309224398e+00 8.051039646e-03 -1.502005834e-04 9.999675786e-01 5.448536861e-02
9.998624247e-01 1.438014296e-02 -8.266986867e-03 2.457990589e+01 -1.437778530e-02 9.998965749e-01 3.445532056e-04 -1.306756199e+00 8.271086577e-03 -2.256448413e-04 9.999657685e-01 5.063251685e-02
9.998765541e-01 1.380580626e-02 -7.501752354e-03 2.475085467e+01 -1.380489467e-02 9.999046929e-01 1.732870436e-04 -1.318488601e+00 7.503429751e-03 -6.970475091e-05 9.999718464e-01 6.288529311e-02
9.998840195e-01 1.318521579e-02 -7.622180407e-03 2.491839875e+01 -1.318324738e-02 9.999130496e-01 3.084358344e-04 -1.331138624e+00 7.625584449e-03 -2.079149720e-04 9.999709032e-01 6.095726954e-02
9.998858430e-01 1.301477053e-02 -7.675719973e-03 2.508314194e+01 -1.301275475e-02 9.999152817e-01 3.125030208e-04 -1.337881785e+00 7.679136854e-03 -2.125850848e-04 9.999704924e-01 6.874257811e-02
9.998893946e-01 1.271103683e-02 -7.721929406e-03 2.524776382e+01 -1.270844028e-02 9.999191703e-01 3.852328782e-04 -1.338295264e+00 7.726201954e-03 -2.870565906e-04 9.999701113e-01 6.621740580e-02
9.998919039e-01 1.244911676e-02 -7.823039812e-03 2.541244657e+01 -1.244662081e-02 9.999224702e-01 3.676575506e-04 -1.336475150e+00 7.827010305e-03 -2.702473982e-04 9.999693320e-01 6.550303215e-02
9.998890251e-01 1.262787506e-02 -7.904060285e-03 2.557834027e+01 -1.262545686e-02 9.999202325e-01 3.557682703e-04 -1.333826742e+00 7.907922395e-03 -2.559364168e-04 9.999686991e-01 6.509004405e-02
9.998977232e-01 1.197775090e-02 -7.815153235e-03 2.574010273e+01 -1.197478481e-02 9.999282089e-01 4.262146201e-04 -1.345743832e+00 7.819697269e-03 -3.325862500e-04 9.999693704e-01 7.359537777e-02
9.999020945e-01 1.163281531e-02 -7.776825307e-03 2.590939866e+01 -1.162899901e-02 9.999322374e-01 5.357675322e-04 -1.350683280e+00 7.782530814e-03 -4.452783838e-04 9.999696165e-01 7.304882742e-02
9.999050112e-01 1.134887860e-02 -7.821226613e-03 2.606810121e+01 -1.134598581e-02 9.999355465e-01 4.141362761e-04 -1.355547419e+00 7.825422490e-03 -3.253574116e-04 9.999693280e-01 7.430531561e-02
9.999096797e-01 1.080492732e-02 -7.992873227e-03 2.623562542e+01 -1.080220893e-02 9.999415810e-01 3.831949928e-04 -1.360236401e+00 7.996546685e-03 -2.968196959e-04 9.999679831e-01 7.558517739e-02
9.999150074e-01 1.020722185e-02 -8.111137366e-03 2.639567485e+01 -1.020520820e-02 9.999478836e-01 2.896084583e-04 -1.374808637e+00 8.113670740e-03 -2.068079982e-04 9.999670622e-01 7.639918665e-02
9.999135196e-01 1.023147093e-02 -8.262588625e-03 2.656688345e+01 -1.022955463e-02 9.999476392e-01 2.741552353e-04 -1.376908158e+00 8.264961000e-03 -1.896089245e-04 9.999658267e-01 8.013887392e-02
9.999206483e-01 9.823456042e-03 -7.886492396e-03 2.672677155e+01 -9.821704173e-03 9.999517319e-01 2.608356493e-04 -1.375833602e+00 7.888674038e-03 -1.833561562e-04 9.999688671e-01 8.041125904e-02
9.999228051e-01 9.498729998e-03 -8.009864879e-03 2.688899883e+01 -9.495866449e-03 9.999548350e-01 3.954587846e-04 -1.391756619e+00 8.013259470e-03 -3.193676500e-04 9.999678423e-01 8.154660708e-02
9.999251984e-01 9.150967544e-03 -8.115256044e-03 2.705187578e+01 -9.148468327e-03 9.999580924e-01 3.450342008e-04 -1.405274439e+00 8.118073350e-03 -2.707662288e-04 9.999670112e-01 8.036809168e-02
9.999278082e-01 8.783920633e-03 -8.198854780e-03 2.721503675e+01 -8.784520826e-03 9.999614147e-01 -3.719446604e-05 -1.410369678e+00 8.198211711e-03 1.092147915e-04 9.999663881e-01 8.446481411e-02
9.999286246e-01 8.741129228e-03 -8.144840142e-03 2.739234846e+01 -8.740969871e-03 9.999617955e-01 5.516336362e-05 -1.410060106e+00 8.145011162e-03 1.603437597e-05 9.999668287e-01 8.915233680e-02
9.999263006e-01 8.720959561e-03 -8.446192787e-03 2.754591987e+01 -8.721915216e-03 9.999619605e-01 -7.631802516e-05 -1.413731900e+00 8.445205931e-03 1.499793780e-04 9.999643274e-01 8.591375892e-02
9.999293548e-01 8.148745882e-03 -8.653514277e-03 2.771242706e+01 -8.150219492e-03 9.999667773e-01 -1.350388200e-04 -1.423114316e+00 8.652126387e-03 2.055573209e-04 9.999625485e-01 8.234493952e-02
