1619.246812 0.000000 0.000000 0.000000 0.000000000 0.000000000 0.000000000 1.000000000
1619.346785 0.000406 0.026963 -0.000270 0.000000771 -0.000019044 -0.000016294 1.000000000
1619.446762 0.001336 0.016169 -0.002028 0.000021008 -0.000035073 0.000088791 0.999999995
1619.546777 -0.000389 0.019041 -0.002826 -0.000046371 -0.000022335 0.000011919 0.999999999
1619.646791 0.003651 0.012602 -0.000790 0.000004435 -0.000013684 0.000210315 0.999999978
1619.746799 0.001158 0.009399 -0.000403 0.000004619 -0.000014964 0.000099831 0.999999995
1619.846811 0.000525 0.017705 -0.000386 -0.000010437 -0.000011746 0.000015651 1.000000000
1619.946804 0.003548 0.012253 -0.000297 -0.000009485 -0.000006920 0.000170067 0.999999985
1620.046816 -0.000839 0.020796 -0.001417 -0.000000964 -0.000019895 -0.000001389 1.000000000
1620.146810 0.003581 0.011789 -0.000793 0.000006275 -0.000014544 0.000183501 0.999999983
1620.246841 0.001020 0.011566 0.000105 0.000001574 -0.000007776 -0.000037848 0.999999999
1620.346860 -0.001917 0.018674 -0.001055 -0.000011651 -0.000015574 -0.000055076 0.999999998
1620.446842 0.002086 0.012125 -0.000300 0.000000464 -0.000011809 0.000143648 0.999999990
1620.546767 0.003412 0.014322 -0.000795 -0.000006169 -0.000012987 0.000100615 0.999999995
1620.646742 -0.000491 0.016502 -0.000612 0.000004322 -0.000016884 -0.000090784 0.999999996
1620.746715 -0.000134 0.014561 -0.000211 -0.000000830 -0.000010694 0.000094639 0.999999995
1620.846692 0.001678 0.013054 -0.000304 -0.000000065 -0.000011866 0.000087622 0.999999996
1620.946704 0.000169 0.020876 -0.001414 -0.000012831 -0.000017221 0.000007941 1.000000000
1621.046721 0.004092 0.014801 -0.000276 -0.000004399 -0.000006795 0.000152423 0.999999988
1621.146756 0.002715 0.012337 -0.000469 -0.000000420 -0.000011001 -0.000048791 0.999999999
1621.246796 0.002639 0.015242 -0.001161 -0.000002916 -0.000014917 0.000035875 0.999999999
1621.346845 0.002289 0.017457 -0.000523 -0.000002881 -0.000012195 0.000142749 0.999999990
1621.446875 -0.001043 0.013729 0.000078 -0.000000550 -0.000008114 -0.000018934 1.000000000
1621.546906 -0.000251 0.012898 0.000279 -0.000002140 -0.000006061 -0.000020369 1.000000000
1621.646936 -0.002249 0.013909 -0.000051 0.000000752 -0.000008112 -0.000002134 1.000000000
1621.746911 0.002641 0.017184 -0.001004 -0.000002839 -0.000019519 -0.000011167 1.000000000
1621.846886 0.000553 0.019322 -0.000062 -0.000012836 -0.000004913 -0.000160633 0.999999987
1621.946852 -0.001269 0.016628 -0.000680 0.000002526 -0.000016946 -0.000025275 1.000000000
1622.046782 0.005069 0.016647 -0.000737 -0.000010274 -0.000010177 0.000108710 0.999999994
1622.146745 -0.001849 0.015837 -0.000725 0.000003295 -0.000017028 0.000007721 1.000000000
1622.246718 0.002992 0.016167 -0.000389 -0.000002694 -0.000010444 0.000186409 0.999999983
1622.346705 0.003068 0.014407 -0.000077 -0.000002551 -0.000006144 0.000251615 0.999999968
1622.446722 0.003049 0.018707 -0.001317 -0.000006373 -0.000022089 0.000105353 0.999999994
1622.546743 0.006343 0.015347 -0.001121 -0.000005771 -0.000015922 0.000165475 0.999999986
1622.646766 0.006838 0.014704 -0.000909 -0.000000438 -0.000013442 0.000188081 0.999999982
1622.746774 0.001303 0.013263 -0.000271 0.000001345 -0.000010134 0.000033454 0.999999999
1622.846749 0.002797 0.019306 -0.001308 -0.000002368 -0.000023193 -0.000020926 1.000000000
1622.946761 -0.001126 0.019417 -0.000393 -0.000007415 -0.000011525 -0.000088152 0.999999996
1623.046755 0.004331 0.012769 -0.000135 -0.000003519 -0.000006256 0.000248581 0.999999969
1623.146781 0.000714 0.019808 0.000153 -0.000007131 -0.000008313 0.000013323 1.000000000
1623.246812 0.001993 0.019252 -0.000708 -0.000013633 -0.000012148 0.000101634 0.999999995
1623.346846 0.001824 0.020206 0.000020 -0.000011000 -0.000005803 0.000137380 0.999999990
1623.446858 0.001494 0.020508 -0.000279 -0.000006706 -0.000009772 0.000060028 0.999999998
1623.546852 0.003992 0.013476 -0.000312 -0.000001964 -0.000008628 0.000155651 0.999999988
1623.646827 0.001539 0.016956 -0.000414 -0.000000435 -0.000013902 -0.000079347 0.999999997
1623.746747 0.002611 0.017324 -0.000211 -0.000011210 -0.000009630 0.000016814 1.000000000
1623.846700 -0.001437 0.017992 -0.000071 -0.000003563 -0.000009688 0.000053681 0.999999999
1623.946643 0.004050 0.014633 0.000368 -0.000007564 -0.000002816 0.000162763 0.999999987
1624.046641 0.002940 0.017012 -0.000154 -0.000006034 -0.000010879 0.000030211 0.999999999
1624.146684 0.003932 0.015127 -0.000622 -0.000001020 -0.000012660 -0.000010542 1.000000000
1624.246734 0.003865 0.016699 -0.000461 -0.000005444 -0.000010760 0.000194298 0.999999981
1624.346762 -0.000092 0.018136 0.000092 -0.000006242 -0.000008076 0.000032596 0.999999999
1624.446740 0.002490 0.014152 -0.000447 -0.000000936 -0.000015455 0.000133062 0.999999991
1624.546715 0.001445 0.014439 0.000061 -0.000004062 -0.000008968 0.000081783 0.999999997
1624.646686 0.000884 0.014167 -0.000429 -0.000003474 -0.000015547 0.000129969 0.999999991
1624.746666 0.005799 0.013828 -0.000468 -0.000001256 -0.000012922 0.000134412 0.999999991
1624.846685 -0.002201 0.017658 -0.000182 -0.000018346 -0.000010554 -0.000022625 1.000000000
1624.946697 0.004765 0.014929 -0.000583 -0.000002358 -0.000012806 0.000121921 0.999999992
1625.046701 0.004366 0.010501 -0.000568 -0.000001257 -0.000013366 0.000202779 0.999999979
1625.146732 0.008562 0.014531 0.000003 -0.000001242 -0.000011104 0.000037271 0.999999999
1625.246762 0.017016 0.016649 -0.000099 -0.000003470 -0.000012617 -0.000004383 1.000000000
1625.346779 0.030596 0.013586 -0.000209 -0.000004263 -0.000014157 0.000063012 0.999999998
1625.446812 0.047518 0.017042 -0.000519 -0.000003084 -0.000014296 0.000148945 0.999999989
1625.546836 0.064028 0.019290 -0.001073 -0.000002692 -0.000021152 0.000092792 0.999999995
1625.646876 0.080962 0.017538 0.000163 0.000006482 -0.000019496 0.000154430 0.999999988
1625.746911 0.103416 0.015733 -0.001045 0.000003616 -0.000028552 0.000019412 0.999999999
1625.846931 0.129618 0.019366 0.000232 0.000014561 -0.000013853 -0.000072396 0.999999997
1625.946920 0.159917 0.018753 0.000608 0.000004534 -0.000015425 -0.000073653 0.999999997
1626.046896 0.199968 0.019922 -0.000168 -0.000011228 -0.000015785 -0.000225749 0.999999974
1626.146894 0.281306 0.017745 -0.000661 0.000013652 -0.000008459 -0.000338262 0.999999943
1626.246886 0.326154 0.015736 -0.000026 -0.000012339 -0.000004013 -0.000546682 0.999999850
1626.346872 0.396870 0.019615 0.000539 -0.000003296 -0.000011283 -0.000658981 0.999999783
1626.446825 0.453898 0.014123 0.001109 -0.000004910 -0.000021440 -0.000820305 0.999999663
1626.546772 0.515824 0.007766 0.001320 0.000023222 -0.000031554 -0.000931229 0.999999566
1626.646691 0.573664 0.010464 -0.000566 0.000024909 -0.000076503 -0.001320960 0.999999124
1626.746662 0.649568 0.006051 0.001461 0.000018207 -0.000060126 -0.001616763 0.999998691
1626.846638 0.727717 0.004687 0.001724 0.000001590 -0.000066913 -0.002346638 0.999997244
1626.946617 0.817572 -0.001047 0.002070 0.000013717 -0.000066757 -0.002480108 0.999996922
1627.046630 0.904795 -0.002780 0.000288 0.000004654 -0.000088789 -0.002706657 0.999996333
1627.146623 0.998633 -0.002725 0.001292 0.000031108 -0.000103079 -0.003010215 0.999995463
1627.246640 1.087356 -0.005950 0.000481 0.000029274 -0.000102463 -0.003631506 0.999993400
1627.346629 1.181738 -0.009602 0.001366 -0.000006354 -0.000093184 -0.003980626 0.999992073
1627.446654 1.290444 -0.017829 0.001834 0.000004648 -0.000083792 -0.004244087 0.999990990
1627.546690 1.392319 -0.023395 0.003996 -0.000007465 -0.000085856 -0.004535995 0.999989709
1627.646757 1.510078 -0.022634 0.002912 0.000008568 -0.000063151 -0.004946795 0.999987763
1627.746845 1.613670 -0.030797 0.005125 0.000000116 -0.000056461 -0.005333750 0.999985774
1627.846892 1.733559 -0.039159 0.006525 0.000001674 -0.000059630 -0.005643196 0.999984075
1627.946964 1.851684 -0.041554 0.004079 0.000005616 -0.000074575 -0.006182624 0.999980885
1628.046979 1.971592 -0.045178 0.002532 -0.000010886 -0.000099444 -0.006511270 0.999978796
1628.146984 2.099154 -0.056907 0.000563 0.000014176 -0.000137206 -0.006930693 0.999975973
1628.246958 2.215477 -0.061018 0.000030 -0.000002484 -0.000179863 -0.007335636 0.999973078
1628.346959 2.341837 -0.059552 -0.000275 0.000035081 -0.000193479 -0.007729932 0.999970104
1628.446953 2.479278 -0.065890 -0.001239 0.000041907 -0.000224800 -0.007965638 0.999968248
1628.546935 2.608744 -0.074158 -0.002960 0.000050512 -0.000232733 -0.008216793 0.999966213
1628.646915 2.740692 -0.072383 -0.000084 0.000022472 -0.000267655 -0.008405416 0.999964638
1628.746888 2.874625 -0.079096 0.000771 -0.000016994 -0.000220390 -0.008573481 0.999963223
1628.846852 3.014448 -0.090680 0.003741 0.000011023 -0.000268323 -0.008770447 0.999961503
1628.946786 3.164095 -0.087831 0.004099 -0.000026816 -0.000259934 -0.008952704 0.999959890
1629.046731 3.303514 -0.094995 0.006121 -0.000008970 -0.000268328 -0.009089642 0.999958652
1629.146680 3.438906 -0.097991 0.004538 -0.000027491 -0.000321184 -0.009493235 0.999954886
1629.246655 3.576401 -0.113181 0.006334 0.000003774 -0.000325439 -0.009852421 0.999951411
1629.346651 3.724223 -0.115741 0.004866 -0.000021420 -0.000390194 -0.010218738 0.999947711
1629.446645 3.878121 -0.120541 0.006821 -0.000257697 -0.000345072 -0.010425126 0.999945564
1629.546667 4.024572 -0.123993 0.010654 -0.000148664 -0.000401020 -0.010609287 0.999943628
1629.646695 4.166862 -0.133351 0.009967 -0.000103471 -0.000408417 -0.011001738 0.999939390
1629.746735 4.315920 -0.147150 0.009122 -0.000029157 -0.000539058 -0.011150271 0.999937688
1629.846761 4.464765 -0.160279 0.008964 -0.000042356 -0.000508458 -0.011183239 0.999937335
1629.946786 4.613196 -0.160377 0.005579 -0.000051085 -0.000560265 -0.011573971 0.999932861
1630.046830 4.762347 -0.173938 0.002975 -0.000023918 -0.000663503 -0.011678267 0.999931586
1630.146854 4.923440 -0.177650 0.002620 0.000028400 -0.000637311 -0.012119988 0.999926347
1630.246871 5.072028 -0.181930 0.002835 0.000052182 -0.000657302 -0.012262445 0.999924596
1630.346881 5.233717 -0.194064 0.000726 0.000070959 -0.000719417 -0.012403022 0.999922818
1630.446856 5.389076 -0.205591 0.001600 -0.000027033 -0.000641207 -0.012786666 0.999918041
1630.546831 5.542398 -0.218914 0.002148 0.000028771 -0.000732093 -0.012782406 0.999918033
1630.646751 5.703238 -0.212068 0.001826 -0.000048461 -0.000757278 -0.013262340 0.999911763
1630.746757 5.855271 -0.224034 0.003869 0.000015028 -0.000682870 -0.013409077 0.999909861
1630.846731 6.013443 -0.238966 0.005027 -0.000003046 -0.000698855 -0.013624548 0.999906937
1630.946716 6.178129 -0.239825 0.007848 -0.000059221 -0.000662540 -0.014025302 0.999901419
1631.046684 6.328034 -0.249909 0.007966 -0.000102430 -0.000574752 -0.014172444 0.999899395
1631.146671 6.492765 -0.252351 0.005450 -0.000197897 -0.000473400 -0.014196130 0.999899098
1631.246658 6.650915 -0.263541 0.010660 -0.000250433 -0.000353865 -0.014457503 0.999895391
1631.346670 6.815254 -0.273750 0.007698 -0.000242081 -0.000369181 -0.014662154 0.999892407
1631.446664 6.977098 -0.286180 0.005537 -0.000259435 -0.000489052 -0.015101074 0.999885819
1631.546694 7.138131 -0.305613 0.005908 -0.000245657 -0.000410712 -0.015403390 0.999881246
1631.646763 7.295296 -0.303507 0.006193 -0.000170164 -0.000517653 -0.015498002 0.999879750
1631.746810 7.450006 -0.313675 0.003756 -0.000245879 -0.000490650 -0.016009404 0.999871691
1631.846880 7.613602 -0.317440 0.006359 -0.000174856 -0.000524697 -0.016111978 0.999870041
1631.946913 7.775155 -0.326995 0.007510 -0.000235764 -0.000535564 -0.016321925 0.999866617
1632.046902 7.933832 -0.343548 0.006104 -0.000228540 -0.000573369 -0.016515802 0.999863414
1632.146914 8.101920 -0.344449 0.006379 -0.000216158 -0.000621223 -0.016881171 0.999857287
1632.246852 8.264006 -0.356381 0.006069 -0.000254914 -0.000674216 -0.017079838 0.999853869
1632.346818 8.420404 -0.366549 0.009597 -0.000223824 -0.000700399 -0.017190638 0.999851960
1632.446797 8.590663 -0.365376 0.007445 -0.000203794 -0.000721564 -0.017453776 0.999847390
1632.546775 8.749669 -0.387190 0.009755 -0.000233500 -0.000730843 -0.017730028 0.999842516
1632.646734 8.913605 -0.395093 0.005722 -0.000262526 -0.000791010 -0.017869108 0.999839987
1632.746705 9.077935 -0.410241 0.007272 -0.000316404 -0.000808989 -0.017853600 0.999840234
1632.846685 9.245906 -0.419282 0.006034 -0.000373388 -0.000916592 -0.018023370 0.999837076
1632.946674 9.406583 -0.426182 0.003017 -0.000353437 -0.000997246 -0.018230519 0.999833250
1633.046684 9.572692 -0.430359 0.001764 -0.000307651 -0.001081217 -0.018286888 0.999832149
1633.146685 9.742328 -0.447503 0.002291 -0.000339008 -0.001022798 -0.018335203 0.999831315
1633.246715 9.904411 -0.459555 0.001134 -0.000342182 -0.001060282 -0.018693284 0.999824645
1633.346713 10.076397 -0.459449 0.006915 -0.000410566 -0.001006608 -0.018642749 0.999825618
1633.446711 10.242322 -0.466033 0.005003 -0.000376267 -0.001077673 -0.018623513 0.999825916
1633.546723 10.412209 -0.473518 0.005701 -0.000444253 -0.001061265 -0.018690310 0.999824659
1633.646726 10.566009 -0.486159 0.006970 -0.000485877 -0.001105191 -0.018760298 0.999823281
1633.746757 10.742093 -0.502011 0.008073 -0.000400870 -0.001170539 -0.018848645 0.999821583
1633.846780 10.921427 -0.512234 0.009577 -0.000472989 -0.001190543 -0.019140543 0.999815982
1633.946763 11.083376 -0.516633 0.008046 -0.000401948 -0.001292061 -0.019322601 0.999812385
1634.046720 11.238309 -0.534849 0.010451 -0.000398190 -0.001256137 -0.019236801 0.999814087
1634.146678 11.417847 -0.544468 0.010011 -0.000412164 -0.001266412 -0.019375920 0.999811382
1634.246630 11.583301 -0.549382 0.010014 -0.000450664 -0.001285402 -0.019691290 0.999805180
1634.346640 11.739720 -0.562917 0.011675 -0.000414929 -0.001327682 -0.019887957 0.999801247
1634.446638 11.912374 -0.571972 0.011005 -0.000356651 -0.001385342 -0.020064120 0.999797672
1634.546697 12.083737 -0.580239 0.009944 -0.000378183 -0.001468122 -0.020370366 0.999791353
1634.646700 12.250095 -0.600168 0.009251 -0.000405332 -0.001576077 -0.020196847 0.999794698
1634.746719 12.418161 -0.606045 0.008150 -0.000413071 -0.001648954 -0.020266835 0.999793161
1634.846703 12.585232 -0.610915 0.009028 -0.000359408 -0.001772794 -0.020311942 0.999792055
1634.946719 12.751711 -0.617237 0.005444 -0.000405897 -0.001853652 -0.020624170 0.999785498
1635.046704 12.912268 -0.634215 0.006558 -0.000422050 -0.001982898 -0.020635504 0.999785010
1635.146684 13.096656 -0.648131 0.004277 -0.000462516 -0.002047646 -0.020553454 0.999786552
1635.246700 13.253283 -0.649793 0.005029 -0.000404648 -0.002075168 -0.020852227 0.999780333
1635.346692 13.417453 -0.666652 0.004025 -0.000433423 -0.002146261 -0.020993467 0.999777215
1635.446722 13.585688 -0.671846 -0.000605 -0.000433168 -0.002327410 -0.021128361 0.999773968
1635.546735 13.760119 -0.691699 0.000994 -0.000447145 -0.002450960 -0.021154641 0.999773111
1635.646728 13.919863 -0.697562 0.002598 -0.000391362 -0.002452885 -0.021353285 0.999768907
1635.746734 14.085144 -0.709780 0.001274 -0.000342881 -0.002619021 -0.021291266 0.999769826
1635.846720 14.246602 -0.729608 -0.005621 -0.000336581 -0.002687312 -0.021519753 0.999764755
1635.946709 14.420470 -0.745216 0.001654 -0.000342914 -0.002756592 -0.021521884 0.999764518
1636.046684 14.584039 -0.752220 -0.001913 -0.000359602 -0.002803997 -0.021374011 0.999767553
1636.146696 14.749763 -0.760463 -0.002099 -0.000343288 -0.002912901 -0.021223785 0.999770448
1636.246679 14.914545 -0.775541 -0.002229 -0.000332701 -0.002962006 -0.021254739 0.999769649
1636.346663 15.090251 -0.776335 -0.000477 -0.000346387 -0.002956326 -0.021059380 0.999773796
1636.446641 15.243043 -0.790694 0.000613 -0.000355569 -0.002952838 -0.020683102 0.999781658
1636.546615 15.405710 -0.800986 0.000952 -0.000317933 -0.003011373 -0.020707356 0.999780994
1636.646646 15.578073 -0.807711 0.003233 -0.000289777 -0.003044410 -0.020621120 0.999782685
1636.746699 15.736698 -0.816096 0.002573 -0.000298306 -0.003126752 -0.020403508 0.999786893
1636.846760 15.899898 -0.824024 0.006345 -0.000214109 -0.003184457 -0.020414972 0.999786498
1636.946823 16.062520 -0.837971 0.006515 -0.000245946 -0.003195483 -0.020231101 0.999790193
1637.046876 16.215846 -0.852203 0.004880 -0.000306187 -0.003197268 -0.019823272 0.999798340
1637.146909 16.382937 -0.861912 0.010816 -0.000337483 -0.003259187 -0.019761187 0.999799360
1637.246908 16.542428 -0.868312 0.007516 -0.000377905 -0.003437222 -0.019514441 0.999803595
1637.346913 16.706082 -0.877199 0.008137 -0.000347056 -0.003431491 -0.019426584 0.999805337
1637.446887 16.862900 -0.886145 0.012228 -0.000357239 -0.003453797 -0.019141799 0.999810750
1637.546863 17.020880 -0.894837 0.012379 -0.000417322 -0.003536169 -0.019155433 0.999810177
1637.646863 17.177261 -0.917642 0.003084 -0.000413546 -0.003823847 -0.018969677 0.999812662
1637.746857 17.322789 -0.929421 0.006966 -0.000280623 -0.003841660 -0.018750061 0.999816782
1637.846844 17.484934 -0.933786 0.004925 -0.000259798 -0.004114911 -0.018691858 0.999816790
1637.946875 17.634341 -0.945451 0.012160 -0.000296796 -0.004019819 -0.018575928 0.999819328
1638.046887 17.787953 -0.948089 0.009416 -0.000297461 -0.004181327 -0.018515565 0.999819785
1638.146878 17.950928 -0.954850 0.014032 -0.000344380 -0.004001920 -0.018465216 0.999821435
1638.246897 18.100455 -0.961833 0.012935 -0.000257742 -0.004062433 -0.018443751 0.999821613
1638.346876 18.264729 -0.974022 0.012030 -0.000262437 -0.004081553 -0.018146135 0.999826980
1638.446852 18.422303 -0.988421 0.007923 -0.000285567 -0.004227679 -0.017920665 0.999830433
1638.546808 18.572053 -0.994525 0.013795 -0.000315068 -0.004109336 -0.017894644 0.999831384
1638.646759 18.727073 -0.997625 0.013021 -0.000273789 -0.004183210 -0.017828370 0.999832273
1638.746718 18.879171 -1.007971 0.012369 -0.000374802 -0.004070067 -0.017594380 0.999836853
1638.846686 19.032924 -1.021853 0.010519 -0.000373031 -0.004090887 -0.017394967 0.999840258
1638.946680 19.193984 -1.025653 0.011624 -0.000395490 -0.004041320 -0.017482705 0.999838920
1639.046660 19.359611 -1.041331 0.009056 -0.000457021 -0.004052542 -0.017306094 0.999841921
1639.146689 19.513990 -1.050183 0.013350 -0.000429038 -0.003984188 -0.016943538 0.999848418
1639.246718 19.664044 -1.068000 0.008156 -0.000457586 -0.003910153 -0.016528604 0.999855643
1639.346748 19.829048 -1.070380 0.015344 -0.000585071 -0.003643439 -0.016250081 0.999861149
1639.446779 19.977065 -1.078773 0.020059 -0.000544680 -0.003589404 -0.016078041 0.999864149
1639.546812 20.138382 -1.092223 0.026563 -0.000482294 -0.003511290 -0.015547861 0.999872843
1639.646836 20.296902 -1.104560 0.031463 -0.000410145 -0.003453029 -0.015512604 0.999873626
1639.746818 20.453537 -1.104936 0.028933 -0.000337359 -0.003427332 -0.015214897 0.999878316
1639.846793 20.601969 -1.122537 0.031335 -0.000352157 -0.003466682 -0.014741600 0.999885265
1639.946819 20.757028 -1.140393 0.031486 -0.000334521 -0.003496521 -0.014222190 0.999892690
1640.046842 20.913943 -1.139288 0.028970 -0.000372141 -0.003543598 -0.014100267 0.999894238
1640.146829 21.064886 -1.145532 0.032761 -0.000451764 -0.003401179 -0.013754688 0.999899513
1640.246834 21.224550 -1.151352 0.033373 -0.000391413 -0.003517681 -0.013287159 0.999905458
1640.346828 21.378566 -1.156922 0.038694 -0.000402864 -0.003575697 -0.013013240 0.999908850
1640.446792 21.538601 -1.169151 0.036420 -0.000477943 -0.003598902 -0.012743766 0.999912204
1640.546769 21.695458 -1.169404 0.037099 -0.000430659 -0.003644597 -0.012283678 0.999917818
1640.646759 21.855228 -1.184355 0.042889 -0.000367671 -0.003436741 -0.011842657 0.999923900
1640.746758 22.020822 -1.196140 0.045172 -0.000349072 -0.003679368 -0.011701383 0.999924706
1640.846750 22.173384 -1.203616 0.044906 -0.000291103 -0.003654458 -0.011561936 0.999926438
1640.946741 22.332533 -1.205716 0.044736 -0.000259281 -0.003720663 -0.011233631 0.999929945
1641.046756 22.495879 -1.209151 0.047713 -0.000262937 -0.003690144 -0.010927820 0.999933446
1641.146745 22.646528 -1.220250 0.043314 -0.000306817 -0.003837354 -0.010573110 0.999936693
1641.246752 22.806110 -1.230686 0.048773 -0.000358509 -0.003679587 -0.010198668 0.999941158
1641.346725 22.971322 -1.233136 0.051251 -0.000361700 -0.003588216 -0.009791091 0.999945563
1641.446671 23.129633 -1.251573 0.048459 -0.000225513 -0.003612635 -0.009708814 0.999946317
1641.546622 23.284443 -1.259763 0.053931 -0.000153467 -0.003528717 -0.009375794 0.999949808
1641.646620 23.446298 -1.261427 0.055717 -0.000137833 -0.003677118 -0.009131422 0.999951537
1641.746649 23.609870 -1.259818 0.056031 -0.000142874 -0.003609994 -0.008789765 0.999954843
1641.846663 23.776965 -1.273643 0.051080 -0.000131892 -0.003856177 -0.008326406 0.999957891
1641.946698 23.938600 -1.278214 0.048548 -0.000196342 -0.003989235 -0.007994965 0.999960063
1642.046741 24.096665 -1.287437 0.051723 -0.000171612 -0.003955215 -0.007702926 0.999962495
1642.146776 24.260638 -1.294880 0.059949 -0.000186258 -0.003873841 -0.007533688 0.999964100
1642.246804 24.422463 -1.309224 0.054485 -0.000104138 -0.004024906 -0.007213567 0.999965876
1642.346782 24.579906 -1.306756 0.050633 -0.000142554 -0.004134661 -0.007189729 0.999965595
1642.446779 24.750855 -1.318489 0.062885 -0.000060750 -0.003751411 -0.006902888 0.999969136
1642.546759 24.918399 -1.331139 0.060957 -0.000129091 -0.003812052 -0.006592307 0.999970996
1642.646741 25.083142 -1.337882 0.068743 -0.000131276 -0.003838824 -0.006507067 0.999971452
1642.746724 25.247764 -1.338295 0.066217 -0.000168077 -0.003862140 -0.006355045 0.999972334
1642.846713 25.412447 -1.336475 0.065503 -0.000159481 -0.003912618 -0.006224103 0.999972963
1642.946720 25.578340 -1.333827 0.065090 -0.000152930 -0.003953105 -0.006313508 0.999972244
1643.046719 25.740103 -1.345744 0.073595 -0.000189705 -0.003908813 -0.005988287 0.999974412
1643.146717 25.909399 -1.350683 0.073049 -0.000245267 -0.003889934 -0.005815596 0.999975493
1643.246703 26.068101 -1.355547 0.074305 -0.000184878 -0.003911755 -0.005673851 0.999976235
1643.346697 26.235625 -1.360236 0.075585 -0.000170008 -0.003997445 -0.005401906 0.999977405
1643.446674 26.395675 -1.374809 0.076399 -0.000124107 -0.004056288 -0.005103216 0.999978744
1643.546705 26.566883 -1.376908 0.080139 -0.000115944 -0.004131977 -0.005115367 0.999978373
1643.646722 26.726772 -1.375834 0.080411 -0.000111050 -0.003943870 -0.004911388 0.999980156
1643.746732 26.888999 -1.391757 0.081547 -0.000178710 -0.004005858 -0.004748741 0.999980685
1643.846739 27.051876 -1.405274 0.080368 -0.000153953 -0.004058408 -0.004574945 0.999981288
1643.946747 27.215037 -1.410370 0.084465 0.000036603 -0.004099341 -0.004392190 0.999981951
1644.046748 27.392348 -1.410060 0.089152 -0.000009782 -0.004072535 -0.004370603 0.999982156
1644.146777 27.545920 -1.413732 0.085914 0.000056575 -0.004222927 -0.004360799 0.999981573
1644.230606 27.712427 -1.423114 0.082345 0.000085151 -0.004326487 -0.004074813 0.999982335
