1388.189615 0.000000 0.000000 0.000000 0.000000000 0.000000000 0.000000000 1.000000000
1388.289471 0.005913 0.119075 0.022230 0.000121160 0.000475181 0.003652332 0.999993210
1388.389432 0.080814 0.362656 0.039210 0.000046813 0.000905367 0.009048398 0.999958651
1388.489599 0.163601 0.611584 0.037995 -0.000077083 0.000335585 0.007941397 0.999968407
1388.589558 0.108266 0.729035 0.036685 0.000005206 -0.000377732 0.003756786 0.999992872
1388.689439 0.052780 0.853024 0.040519 0.000134371 -0.000187801 0.003132946 0.999995066
1388.789413 0.095141 1.018058 0.051995 0.000006729 0.000379980 0.007425354 0.999972359
1388.889488 0.179611 1.184548 0.066494 -0.000108040 0.000460195 0.010315916 0.999946678
1388.989567 0.201665 1.334784 0.074109 -0.000083269 0.000072224 0.009441075 0.999955426
1389.089611 0.165197 1.499653 0.079486 0.000048668 -0.000323585 0.005398258 0.999985376
1389.189510 0.125337 1.657479 0.081853 -0.000008480 -0.000341559 0.006335062 0.999979875
1389.289566 0.164157 1.838162 0.100067 -0.000164243 -0.000462265 0.009158078 0.999957944
1389.389696 0.233492 2.015342 0.116079 -0.000082216 -0.000670145 0.008535093 0.999963347
1389.489665 0.232267 2.164403 0.116614 0.000231843 -0.000831377 0.003681669 0.999992850
1389.589574 0.198476 2.290521 0.117271 0.000521265 -0.000805113 0.001651262 0.999998177
1389.689467 0.195700 2.457502 0.124677 0.000508783 -0.000797132 0.003934309 0.999991813
1389.789440 0.241667 2.653532 0.136964 0.000348648 -0.000889440 0.004858348 0.999987742
1389.889413 0.274666 2.831223 0.149477 0.000390725 -0.000953260 0.004537345 0.999989176
1389.989381 0.278309 2.980611 0.151147 0.000621839 -0.000841045 0.004413175 0.999989715
1390.089313 0.275124 3.132086 0.147359 0.000749938 -0.000799872 0.004681486 0.999988441
1390.189392 0.314257 3.315768 0.160752 0.000695585 -0.001280080 0.003587172 0.999992505
1390.289314 0.316092 3.474162 0.177885 0.000855575 -0.001437051 0.003295956 0.999993170
1390.389166 0.304344 3.625272 0.175992 0.001084850 -0.001077082 0.003881912 0.999991297
1390.489128 0.333446 3.792926 0.175033 0.000934638 -0.000608860 0.007482249 0.999971385
1390.589188 0.395853 3.999450 0.184344 0.000620062 -0.000618225 0.009186530 0.999957420
1390.689251 0.403828 4.145103 0.201385 0.000840160 -0.001134613 0.009538743 0.999953509
1390.789333 0.391008 4.293671 0.195256 0.001143257 -0.001379737 0.008289343 0.999964037
1390.889391 0.376641 4.465847 0.188678 0.001308033 -0.001193789 0.008017838 0.999966289
1390.989366 0.385558 4.619801 0.197476 0.001155654 -0.000871712 0.010268003 0.999946235
1391.089397 0.432971 4.794720 0.225597 0.000972774 -0.000543344 0.013768978 0.999904582
1391.189470 0.470147 4.964730 0.240521 0.000849992 -0.000438562 0.014820759 0.999889709
1391.289561 0.468547 5.121542 0.241949 0.000882708 -0.000675421 0.014924866 0.999888000
1391.389621 0.450546 5.289123 0.236254 0.001014103 -0.000938917 0.013889481 0.999902581
1391.489629 0.453330 5.442266 0.238363 0.001136986 -0.000959570 0.014690768 0.999890978
1391.589634 0.485942 5.605969 0.250100 0.001068068 -0.000757269 0.015607920 0.999877332
1391.689566 0.508705 5.784213 0.259008 0.000857376 -0.000585595 0.017276162 0.999850217
1391.789649 0.543496 5.966309 0.267585 0.000659909 -0.000762916 0.017810968 0.999840863
1391.889586 0.518956 6.134844 0.280705 0.000733972 -0.001356530 0.014504756 0.999893611
1391.989373 0.477139 6.286068 0.289984 0.001160303 -0.001063322 0.014848083 0.999888523
1392.089314 0.518769 6.443276 0.292570 0.001173295 -0.000293379 0.020847617 0.999781933
1392.189453 0.605129 6.635799 0.294731 0.000693636 -0.000617428 0.022047010 0.999756504
1392.289527 0.595443 6.811576 0.308471 0.000805619 -0.001744237 0.017897459 0.999837982
1392.389505 0.529506 6.957351 0.319539 0.001289701 -0.002230304 0.013485915 0.999905742
1392.489404 0.490262 7.102947 0.319766 0.001334881 -0.001778170 0.014170789 0.999897117
1392.589352 0.552324 7.260637 0.329365 0.000927755 -0.001116893 0.018887289 0.999820565
1392.689386 0.645733 7.451460 0.349160 0.000944076 -0.001254067 0.021461255 0.999768448
1392.789461 0.647067 7.607432 0.356000 0.001240329 -0.001882812 0.020915783 0.999778699
1392.889489 0.591010 7.739839 0.357974 0.001497839 -0.002410137 0.017728612 0.999838809
1392.989478 0.566500 7.889549 0.372672 0.001953017 -0.002220770 0.017751096 0.999838063
1393.089495 0.615997 8.039206 0.375202 0.002070826 -0.001573577 0.021380888 0.999768020
1393.189645 0.680529 8.228184 0.370547 0.001918895 -0.001607566 0.022239035 0.999749548
1393.289570 0.663458 8.386607 0.391741 0.002357514 -0.002344359 0.021070114 0.999772472
1393.389571 0.636110 8.536083 0.404219 0.003106716 -0.002714350 0.019703381 0.999797358
1393.489570 0.627868 8.674362 0.402593 0.003801569 -0.002540921 0.019006294 0.999808908
1393.589495 0.632234 8.838501 0.392382 0.004619596 -0.002484199 0.017958453 0.999824976
1393.689526 0.664544 8.993588 0.369560 0.006632988 -0.002074996 0.018780710 0.999799471
1393.789720 0.723404 9.153816 0.323621 0.007649054 -0.001605080 0.016374446 0.999835383
1393.889555 0.684283 9.309090 0.317512 0.007635256 -0.001584491 0.011304483 0.999905696
1393.989452 0.671640 9.452877 0.366489 0.006271653 -0.002029366 0.012078743 0.999905322
1394.089372 0.708499 9.616855 0.411267 0.005082026 -0.002391153 0.015113184 0.999870015
1394.189402 0.762485 9.790917 0.415294 0.005343807 -0.002361524 0.018072464 0.999819610
1394.289469 0.765759 9.959801 0.395015 0.006391614 -0.002084791 0.016958653 0.999833589
1394.389463 0.731834 10.117573 0.385601 0.006714593 -0.001966592 0.015153700 0.999860696
1394.489493 0.718461 10.263918 0.424403 0.005745273 -0.002019175 0.017149959 0.999834383
1394.589634 0.758852 10.434001 0.477937 0.004872532 -0.002759378 0.020520225 0.999773757
1394.689720 0.805397 10.608979 0.499444 0.005021157 -0.003579466 0.019960237 0.999781758
1394.789640 0.802419 10.739578 0.482823 0.005700729 -0.002964033 0.018520692 0.999807832
1394.889611 0.786899 10.864394 0.463853 0.006356220 -0.001838721 0.017904682 0.999817803
1394.989591 0.789948 11.055842 0.470798 0.005902889 -0.002279155 0.018500496 0.999808828
1395.089646 0.811023 11.235982 0.609952 0.002878507 -0.005675391 0.017341566 0.999829373
1395.189541 0.804689 11.360688 0.727108 0.001112380 -0.007904945 0.014755258 0.999859269
1395.289461 0.809487 11.480812 0.704262 0.000486338 -0.006247540 0.016004659 0.999852280
1395.389535 0.864123 11.651713 0.629502 0.001713749 -0.003685899 0.018265568 0.999824908
1395.489494 0.874591 11.816486 0.568742 0.003184142 -0.002645548 0.018262389 0.999824658
1395.589486 0.853505 11.985661 0.583105 0.003269883 -0.003568595 0.015964152 0.999860850
1395.689528 0.846397 12.125012 0.665897 0.002424582 -0.005332941 0.016282422 0.999850271
1395.789665 0.881328 12.300418 0.722253 0.001543591 -0.006592889 0.015153160 0.999862257
1395.889533 0.870365 12.452427 0.717718 0.001721666 -0.006192697 0.013649944 0.999886176
1395.989540 0.896906 12.593766 0.674851 0.002476907 -0.004180887 0.014571674 0.999882019
1396.089564 0.932268 12.746034 0.650879 0.002516934 -0.003248390 0.016263511 0.999859296
1396.189569 0.941214 12.925076 0.688668 0.002253207 -0.004488716 0.013432636 0.999897164
1396.289545 0.923012 13.075174 0.738823 0.002030609 -0.005774726 0.012377575 0.999904658
1396.389520 0.936962 13.228253 0.746328 0.002128271 -0.005293741 0.011836553 0.999913668
1396.489532 0.967756 13.373553 0.727612 0.002162105 -0.004062772 0.012848094 0.999906868
1396.589526 0.986138 13.537021 0.724895 0.002099557 -0.003714303 0.014782916 0.999881624
1396.689611 1.002744 13.724375 0.738681 0.002095865 -0.004393291 0.014523511 0.999882680
1396.789586 0.997683 13.873787 0.752417 0.002161199 -0.005023284 0.012289025 0.999909534
1396.889506 0.981804 14.017084 0.770280 0.001894052 -0.005272048 0.012492009 0.999906280
1396.989671 1.028186 14.192564 0.796112 0.001624435 -0.005422169 0.012946701 0.999900167
1397.089591 1.043658 14.344075 0.805177 0.001904044 -0.005165397 0.011409701 0.999919753
1397.189414 1.011829 14.490640 0.821044 0.000272542 -0.003515019 0.012063463 0.999921018
1397.289456 1.045490 14.664992 0.857265 -0.001011909 -0.001961700 0.015637980 0.999875283
1397.389549 1.103943 14.831706 0.860162 0.000441779 -0.002802047 0.015297498 0.999878963
1397.489613 1.107871 14.982887 0.807708 0.002925512 -0.005391072 0.012487408 0.999903217
1397.589609 1.076530 15.138118 0.805112 0.003497634 -0.007737118 0.007604964 0.999935032
1397.689460 1.044853 15.295657 0.868544 0.002520943 -0.007094906 0.007536796 0.999943250
1397.789449 1.104599 15.456010 0.893923 0.002154672 -0.003868670 0.009975313 0.999940440
1397.889480 1.164221 15.643523 0.864481 0.001884934 -0.003279495 0.010326547 0.999939525
1397.989511 1.149512 15.823656 0.870464 0.001266136 -0.006285083 0.008228682 0.999945590
1398.089507 1.119631 15.971146 0.907624 0.001441775 -0.008471066 0.005733495 0.999946643
1398.189542 1.137773 16.126993 0.932041 0.001492575 -0.007694332 0.006983080 0.999944902
1398.289601 1.176341 16.304090 0.938055 0.001012724 -0.006496829 0.009404104 0.999934162
1398.389674 1.201496 16.480351 0.943239 0.000678860 -0.006542063 0.008874843 0.999938987
1398.489630 1.195396 16.627857 0.966971 0.000808560 -0.007077509 0.007225191 0.999948525
1398.589583 1.183933 16.772178 0.976474 0.000964079 -0.007214169 0.007359780 0.999946429
1398.689646 1.214443 16.938308 0.969062 0.000815351 -0.007222007 0.007479147 0.999945619
1398.789559 1.228263 17.108782 0.965727 0.000495350 -0.007119429 0.007127613 0.999949131
1398.889509 1.246278 17.279430 0.995393 0.000496702 -0.006900834 0.008366488 0.999941065
1398.989636 1.271339 17.450422 1.008844 0.001054035 -0.007373413 0.009508027 0.999927057
1399.089668 1.277951 17.627151 0.982840 0.001744645 -0.007988296 0.005317017 0.999952435
1399.189526 1.243117 17.783323 0.971758 0.002263859 -0.008182635 0.003370971 0.999958277
1399.289453 1.256532 17.921703 0.992635 0.002290173 -0.007565030 0.007987504 0.999936861
1399.389629 1.344203 18.096094 1.010869 0.002786210 -0.007324539 0.011407133 0.999904228
1399.489560 1.348827 18.269324 0.997934 0.005700179 -0.007508435 0.006855988 0.999932061
1399.589443 1.298734 18.414195 0.957373 0.008058719 -0.007328779 0.004311934 0.999931374
1399.689462 1.303543 18.551915 0.946052 0.007823046 -0.007205095 0.006306873 0.999923552
1399.789557 1.361132 18.718158 0.968183 0.007151539 -0.007327592 0.007609002 0.999918629
1399.889479 1.366683 18.897929 0.959406 0.009939008 -0.006523704 0.004155648 0.999920691
1399.989440 1.357075 19.059582 1.058414 0.025674316 -0.010082069 0.001687370 0.999618094
1400.089420 1.369489 19.199299 1.065692 0.034427527 -0.011102862 0.003231540 0.999340297
1400.189430 1.394219 19.367521 1.085636 0.030727617 -0.010475261 0.003976458 0.999464992
1400.289537 1.419449 19.554004 1.111059 0.022641592 -0.010244153 0.003861280 0.999683703
1400.389468 1.393959 19.716843 1.156122 0.019800127 -0.011218508 0.003327004 0.999735481
1400.489388 1.374681 19.868848 1.144936 0.022544224 -0.011349462 0.006447215 0.999660633
1400.589457 1.395308 20.028427 1.120262 0.025289284 -0.011075102 0.011135824 0.999556796
1400.689536 1.429923 20.216444 1.156638 0.023063655 -0.012099062 0.013953506 0.999563395
1400.789424 1.408417 20.404464 1.207592 0.015536511 -0.011011680 0.017478426 0.999665876
1400.889452 1.374839 20.567933 1.144991 0.000286582 -0.007953443 0.025823287 0.999634843
1400.989635 1.379606 20.720576 1.125255 -0.005028589 -0.008119967 0.031436814 0.999460107
1401.089682 1.358307 20.895443 1.113434 0.000967154 -0.009909683 0.033650874 0.999384051
1401.189602 1.303616 21.074443 1.104493 0.006965065 -0.011128274 0.036439395 0.999249628
1401.289577 1.283310 21.229146 1.132765 0.006394618 -0.011138605 0.044447730 0.998929146
1401.389494 1.281966 21.385598 1.200275 0.002343322 -0.010902175 0.053582590 0.998501155
1401.489400 1.269002 21.542681 1.261801 -0.000965116 -0.010686156 0.064277632 0.997874371
1401.589415 1.241578 21.698431 1.260939 -0.001107936 -0.010348075 0.074555388 0.997162566
1401.689528 1.207863 21.849953 1.236035 0.001566246 -0.010689683 0.082990371 0.996491784
1401.789508 1.145670 22.001861 1.215108 0.003707157 -0.010911803 0.090426311 0.995836468
1401.889562 1.076546 22.152306 1.180567 0.003621321 -0.010754288 0.098148771 0.995107055
1401.989514 1.035519 22.305668 1.197345 0.002854938 -0.011109688 0.107660600 0.994121532
1402.089489 1.012146 22.456635 1.249903 0.002126608 -0.011576592 0.118201549 0.992919863
1402.189448 0.964884 22.622270 1.277471 0.001578628 -0.011607690 0.128429686 0.991649427
1402.289301 0.883873 22.787303 1.274596 0.001729832 -0.011375301 0.139992877 0.990085655
1402.389304 0.824909 22.916705 1.268453 0.001921920 -0.011433681 0.152050113 0.988304781
1402.489445 0.756162 23.068560 1.279419 0.002328060 -0.011788108 0.161756196 0.986757596
1402.589531 0.679349 23.222952 1.267359 0.002768969 -0.012195630 0.169265387 0.985491161
1402.689474 0.581517 23.342591 1.245318 0.002737386 -0.011841399 0.178301336 0.983900870
1402.789482 0.518029 23.479735 1.253622 0.002134500 -0.011574642 0.189526963 0.981804971
1402.889445 0.446760 23.630124 1.279075 0.002032830 -0.011929017 0.202312797 0.979246189
1402.989461 0.371868 23.775689 1.311668 0.001459473 -0.012603037 0.216369515 0.976229105
1403.089605 0.292627 23.916130 1.315540 0.001091409 -0.013085001 0.226129377 0.974008776
1403.189603 0.189383 24.048106 1.293924 0.001598824 -0.013062829 0.234238399 0.972090108
1403.289578 0.077494 24.168481 1.285850 0.001739313 -0.012840608 0.245924539 0.969202360
1403.389538 -0.011147 24.283807 1.306721 0.001233043 -0.012801075 0.258903923 0.965817462
1403.489584 -0.089104 24.422819 1.327053 0.000495026 -0.013025806 0.271413241 0.962374634
1403.589670 -0.177860 24.550329 1.341180 0.001081186 -0.013970765 0.280573747 0.959730181
1403.689577 -0.301470 24.654901 1.339249 0.002068817 -0.013865014 0.291549720 0.956452948
1403.789546 -0.400476 24.773004 1.325260 0.001950777 -0.013091013 0.302639854 0.953013084
1403.889595 -0.507075 24.909177 1.324847 0.001395328 -0.013279295 0.312618986 0.949784756
1403.989626 -0.636304 25.026449 1.323850 0.002173932 -0.014705027 0.320747145 0.947048206
1404.089435 -0.757871 25.115017 1.358096 0.002484223 -0.015461571 0.331178777 0.943438067
1404.189505 -0.854635 25.243436 1.376079 0.001912325 -0.015047319 0.343790655 0.938923802
1404.289497 -0.962708 25.355714 1.364674 0.001120855 -0.015853778 0.352909988 0.935522283
1404.389414 -1.108659 25.443116 1.344775 0.001022298 -0.016013428 0.362030620 0.932028087
1404.489281 -1.234822 25.511043 1.370096 0.000474471 -0.015646856 0.374756430 0.926991138
1404.589472 -1.358235 25.645188 1.371006 -0.000048470 -0.016278484 0.386690185 0.922066000
1404.689563 -1.459386 25.765446 1.375581 -0.001133068 -0.032463013 0.392067131 0.919362950
1404.789467 -1.610778 25.830133 1.422121 0.000033740 -0.040176624 0.399636018 0.915793039
1404.889458 -1.726222 25.896256 1.437584 -0.000076030 -0.036290879 0.411722038 0.910586586
1404.989378 -1.843000 25.995950 1.406951 -0.002299847 -0.030625367 0.424367745 0.904968958
1405.089409 -1.970335 26.093575 1.422461 -0.003865717 -0.030265998 0.435444303 0.899698441
1405.189426 -2.123591 26.167412 1.458458 -0.003174777 -0.032259096 0.445151031 0.894868611
1405.289470 -2.279629 26.239653 1.493039 -0.002158284 -0.033297666 0.455613253 0.889552230
1405.389555 -2.400494 26.290550 1.507028 -0.002361314 -0.032992963 0.466580426 0.883860054
1405.489696 -2.516607 26.363130 1.486470 -0.003020114 -0.033148097 0.475614923 0.879023622
1405.589838 -2.661649 26.440441 1.441122 -0.000264659 -0.033868953 0.480225490 0.876490903
1405.689684 -2.839428 26.474593 1.390260 0.002641320 -0.033423127 0.486909788 0.872808556
1405.789556 -2.986651 26.537313 1.383149 0.002114133 -0.032529228 0.497500374 0.866851058
1405.889487 -3.118878 26.608141 1.457618 -0.000247119 -0.033237645 0.508532413 0.860401059
1405.989379 -3.237850 26.673045 1.525244 -0.002124977 -0.033976407 0.519514818 0.853783018
1406.089547 -3.365156 26.732813 1.551682 -0.001642161 -0.034519925 0.528685800 0.848113791
1406.189601 -3.525714 26.783539 1.476130 0.000820463 -0.034134120 0.532673478 0.845631808
1406.289553 -3.704247 26.792081 1.408409 0.001857728 -0.033386926 0.540839879 0.840460640
1406.389616 -3.846811 26.851734 1.422775 0.000887531 -0.033237414 0.549324820 0.834947141
1406.489525 -3.980010 26.918422 1.475341 -0.000464989 -0.033607859 0.556816475 0.829955245
1406.589369 -4.129587 26.963320 1.531061 -0.001668347 -0.033695585 0.565770017 0.823872631
1406.689436 -4.279704 27.008738 1.533078 -0.001055613 -0.034298656 0.574292285 0.817930840
1406.789582 -4.420007 27.054372 1.447992 0.001890940 -0.034732240 0.577948813 0.815331384
1406.889552 -4.590121 27.059815 1.401169 0.004835337 -0.034899847 0.581710908 0.812632168
1406.989458 -4.743204 27.053556 1.458117 0.003642594 -0.034943634 0.589636714 0.806904096
1407.089466 -4.876507 27.127574 1.505798 0.001191250 -0.035345880 0.597018684 0.801447404
1407.189411 -5.046259 27.189893 1.499647 0.000599884 -0.035458577 0.602336275 0.797454288
1407.289303 -5.206220 27.200497 1.504601 0.001488947 -0.035295200 0.609901395 0.791689535
1407.389392 -5.349333 27.232902 1.492275 0.001686896 -0.035215192 0.617059316 0.786126481
1407.489505 -5.489546 27.264025 1.464569 0.001039752 -0.035279399 0.620848021 0.783136015
1407.589448 -5.654661 27.255397 1.461662 0.001026141 -0.034966750 0.625158325 0.779713628
1407.689427 -5.806351 27.264313 1.494154 0.000682128 -0.035416742 0.631863867 0.774269490
1407.789495 -5.955127 27.317245 1.500203 0.000432414 -0.035681355 0.637302978 0.769786703
1407.889488 -6.111053 27.351147 1.481022 0.000254450 -0.035292360 0.642269637 0.765665787
1407.989450 -6.268041 27.355785 1.494685 0.000403525 -0.034945559 0.647651493 0.761134803
1408.089485 -6.414336 27.367519 1.523222 0.000219055 -0.034755251 0.652626700 0.756882035
1408.130634 -6.557883 27.345859 1.552391 0.000906214 -0.032136600 0.657498596 0.752769562
