1.000000000e+00 0.000000000e+00 0.000000000e+00 0.000000000e+00 0.000000000e+00 1.000000000e+00 0.000000000e+00 0.000000000e+00 0.000000000e+00 0.000000000e+00 1.000000000e+00 0.000000000e+00
9.999728693e-01 -7.304499460e-03 9.512414962e-04 5.912957620e-03 7.304729752e-03 9.999732916e-01 -2.388472614e-04 1.190747426e-01 -9.494714304e-04 2.457893434e-04 9.999995190e-01 2.223026885e-02
9.998346136e-01 -1.809596277e-02 1.811506476e-03 8.081370178e-02 1.809613230e-02 9.998362486e-01 -7.723804984e-05 3.626562021e-01 -1.809812142e-03 1.100065366e-04 9.999983562e-01 3.920952627e-02
9.998736432e-01 -1.588234425e-02 6.699238621e-04 1.636009656e-01 1.588224078e-02 9.998738565e-01 1.594902598e-04 6.115835245e-01 -6.723724348e-04 -1.488302150e-04 9.999997629e-01 3.799521804e-02
9.999714878e-01 -7.513522283e-03 -7.554195151e-04 1.082660988e-01 7.513514416e-03 9.999717731e-01 -1.325082336e-05 7.290354027e-01 7.554977522e-04 7.574590133e-06 9.999997146e-01 3.668477100e-02
9.999802988e-01 -6.265911980e-03 -3.747574813e-04 5.278000244e-02 6.265811040e-03 9.999803332e-01 -2.699178467e-04 8.530243641e-01 3.764413925e-04 2.675643694e-04 9.999998934e-01 4.051935065e-02
9.998894395e-01 -1.485029195e-02 7.600385750e-04 9.514100865e-02 1.485030218e-02 9.998897282e-01 -7.815189021e-06 1.018058322e+00 -7.598387063e-04 1.910112748e-05 9.999997111e-01 5.199502663e-02
9.997867402e-01 -2.063083095e-02 9.181125550e-04 1.796107029e-01 2.063063207e-02 9.997871404e-01 2.255632918e-04 1.184547813e+00 -9.225706841e-04 -2.065739459e-04 9.999995531e-01 6.649387438e-02
9.998217218e-01 -1.888131951e-02 1.428696900e-04 2.016654297e-01 1.888129545e-02 9.998217184e-01 1.678940651e-04 1.334784049e+00 -1.460142805e-04 -1.651665684e-04 9.999999757e-01 7.410945364e-02
9.999415082e-01 -1.079639027e-02 -6.466340964e-04 1.651967225e-01 1.079632728e-02 9.999417129e-01 -1.008286313e-04 1.499653148e+00 6.476849912e-04 9.384146034e-05 9.999997858e-01 7.948635732e-02
9.999195007e-01 -1.266986327e-02 -6.832120869e-04 1.253373948e-01 1.266987486e-02 9.999197338e-01 1.263189586e-05 1.657478890e+00 6.829972037e-04 -2.128709064e-05 9.999997665e-01 8.185264152e-02
9.998318319e-01 -1.831523295e-02 -9.274995904e-04 1.641570453e-01 1.831553665e-02 9.998322053e-01 3.200060496e-04 1.838162360e+00 9.214829756e-04 -3.369398875e-04 9.999995187e-01 1.000666334e-01
9.998534062e-01 -1.706945097e-02 -1.341644458e-03 2.334921168e-01 1.706967136e-02 9.998542908e-01 1.529869017e-04 2.015341906e+00 1.338837566e-03 -1.758659048e-04 9.999990883e-01 1.160787556e-01
9.999715083e-01 -7.363671000e-03 -1.661034025e-03 2.322666024e-01 7.362900005e-03 9.999727831e-01 -4.698044808e-04 2.164402502e+00 1.664448303e-03 4.575610678e-04 9.999985101e-01 1.166138086e-01
9.999932502e-01 -3.303358203e-03 -1.608502447e-03 1.984762600e-01 3.301679495e-03 9.999940032e-01 -1.045186250e-03 2.290520702e+00 1.611945426e-03 1.039868436e-03 9.999981602e-01 1.172714023e-01
9.999677716e-01 -7.869364800e-03 -1.590248380e-03 1.956999733e-01 7.867742530e-03 9.999685247e-01 -1.023830755e-03 2.457502446e+00 1.598255224e-03 1.011286094e-03 9.999982114e-01 1.246773427e-01
9.999512107e-01 -9.717196177e-03 -1.775469798e-03 2.416670364e-01 9.715955772e-03 9.999525498e-01 -7.059297104e-04 2.653532037e+00 1.782245209e-03 6.886448826e-04 9.999981747e-01 1.369636719e-01
9.999570076e-01 -9.075336658e-03 -1.902954239e-03 2.746655593e-01 9.073846808e-03 9.999585197e-01 -7.900919118e-04 2.831223477e+00 1.910045654e-03 7.727908286e-04 9.999978773e-01 1.494773016e-01
9.999596331e-01 -8.827304939e-03 -1.676583398e-03 2.783091309e-01 8.825212963e-03 9.999602744e-01 -1.251088034e-03 2.980610608e+00 1.687560530e-03 1.236241326e-03 9.999978119e-01 1.511473906e-01
9.999548878e-01 -9.364063052e-03 -1.592703436e-03 2.751239482e-01 9.361663636e-03 9.999550426e-01 -1.507347009e-03 3.132085895e+00 1.606746725e-03 1.492368655e-03 9.999975956e-01 1.473587975e-01
9.999709872e-01 -7.176071748e-03 -2.555150073e-03 3.142566167e-01 7.172510129e-03 9.999732967e-01 -1.400343792e-03 3.315767626e+00 2.565130810e-03 1.381976325e-03 9.999957551e-01 1.607524019e-01
9.999741431e-01 -6.594325189e-03 -2.868441904e-03 3.160919005e-01 6.589407170e-03 9.999768093e-01 -1.720611110e-03 3.474161796e+00 2.879721652e-03 1.701665289e-03 9.999944058e-01 1.778847063e-01
9.999675413e-01 -7.766093611e-03 -2.145721674e-03 3.043435775e-01 7.761419722e-03 9.999675077e-01 -2.178044049e-03 3.625271691e+00 2.162566848e-03 2.161319506e-03 9.999953260e-01 1.759923302e-01
9.998872905e-01 -1.496520858e-02 -1.203699443e-03 3.334458208e-01 1.496293233e-02 9.998862848e-01 -1.878334630e-03 3.792925651e+00 1.231672233e-03 1.860112050e-03 9.999975115e-01 1.750334821e-01
9.998304509e-01 -1.837304436e-02 -1.225004903e-03 3.958528199e-01 1.837151100e-02 9.998304464e-01 -1.251430202e-03 3.999450421e+00 1.247789782e-03 1.228712832e-03 9.999984666e-01 1.843436315e-01
9.998154501e-01 -1.907850467e-02 -2.253092021e-03 4.038277449e-01 1.907469164e-02 9.998166130e-01 -1.701887793e-03 4.145102541e+00 2.285148308e-03 1.658596675e-03 9.999960136e-01 2.013852539e-01
9.998587662e-01 -1.658124409e-02 -2.740421401e-03 3.910082570e-01 1.657493451e-02 9.998599595e-01 -2.309306898e-03 4.293670636e+00 2.778328812e-03 2.263558441e-03 9.999935786e-01 1.952555093e-01
9.998685783e-01 -1.603825777e-02 -2.366522618e-03 3.766411982e-01 1.603201171e-02 9.998680067e-01 -2.635121024e-03 4.465847134e+00 2.408473003e-03 2.596834594e-03 9.999937278e-01 1.886782956e-01
9.997876165e-01 -2.053691600e-02 -1.719596986e-03 3.855584903e-01 2.053288641e-02 9.997864652e-01 -2.329085034e-03 4.619800748e+00 1.767062016e-03 2.293282085e-03 9.999958092e-01 1.974759508e-01
9.996202400e-01 -2.753638572e-02 -1.059795181e-03 4.329706299e-01 2.753427152e-02 9.996189379e-01 -1.960324315e-03 4.794720355e+00 1.113371580e-03 1.930399174e-03 9.999975170e-01 2.255968118e-01
9.995603055e-01 -2.963899436e-02 -8.518322051e-04 4.701468292e-01 2.963750326e-02 9.995592452e-01 -1.712796920e-03 4.964730310e+00 9.022223342e-04 1.686797633e-03 9.999981704e-01 2.405214328e-01
9.995535843e-01 -2.984758198e-02 -1.324341523e-03 4.685474236e-01 2.984519719e-02 9.995529384e-01 -1.785379669e-03 5.121542420e+00 1.377038727e-03 1.745057413e-03 9.999975293e-01 2.419492706e-01
9.996124015e-01 -2.777815982e-02 -1.849479367e-03 4.505455691e-01 2.777435118e-02 9.996121078e-01 -2.054091449e-03 5.289123261e+00 1.905820849e-03 2.001927196e-03 9.999961801e-01 2.362544412e-01
9.995665211e-01 -2.938051569e-02 -1.885523631e-03 4.533296276e-01 2.937615163e-02 9.995657772e-01 -2.301916996e-03 5.442266284e+00 1.952336402e-03 2.245529735e-03 9.999955730e-01 2.383631269e-01
9.995116388e-01 -3.121362798e-02 -1.481011528e-03 4.859420271e-01 3.121039272e-02 9.995105041e-01 -2.159512049e-03 5.605969009e+00 1.547692784e-03 2.112234476e-03 9.999965716e-01 2.501003075e-01
9.994023826e-01 -3.454815351e-02 -1.141390323e-03 5.087046961e-01 3.454614521e-02 9.994015982e-01 -1.734728700e-03 5.784213034e+00 1.200638987e-03 1.694261360e-03 9.999978440e-01 2.590079317e-01
9.993643748e-01 -3.561727332e-02 -1.502081541e-03 5.434963589e-01 3.561525950e-02 9.993646679e-01 -1.346784991e-03 5.966308941e+00 1.549096029e-03 1.292431916e-03 9.999979650e-01 2.675850404e-01
9.995755438e-01 -2.900841665e-02 -2.691478266e-03 5.189557670e-01 2.900443403e-02 9.995781467e-01 -1.507140687e-03 6.134844377e+00 2.734062622e-03 1.428436168e-03 9.999952422e-01 2.807054361e-01
9.995568076e-01 -2.969532232e-02 -2.091950228e-03 4.771393581e-01 2.969038721e-02 9.995563763e-01 -2.351923815e-03 6.286068031e+00 2.160863325e-03 2.288770647e-03 9.999950461e-01 2.899839004e-01
9.991305816e-01 -4.168682943e-02 -5.377087025e-04 5.187693820e-01 4.168545255e-02 9.991280005e-01 -2.358310996e-03 6.443276256e+00 6.355503291e-04 2.333846007e-03 9.999970746e-01 2.925701916e-01
9.990270962e-01 -4.408414057e-02 -1.203970638e-03 6.051289560e-01 4.408242749e-02 9.990268964e-01 -1.414158124e-03 6.635798800e+00 1.265140996e-03 1.359708336e-03 9.999982753e-01 2.947310982e-01
9.993532772e-01 -3.579192968e-02 -3.459072494e-03 5.954434201e-01 3.578630892e-02 9.993580639e-01 -1.673412073e-03 6.811575827e+00 3.516746637e-03 1.548542402e-03 9.999926172e-01 3.084706912e-01
9.996263117e-01 -2.697504128e-02 -4.425402533e-03 5.295064495e-01 2.696353558e-02 9.996329335e-01 -2.639313696e-03 6.957350720e+00 4.494973712e-03 2.519002917e-03 9.999867248e-01 3.195385324e-01
9.995920537e-01 -2.834341015e-02 -3.518140869e-03 4.902615985e-01 2.833391557e-02 9.995948136e-01 -2.719883463e-03 7.102946943e+00 3.593806139e-03 2.619091191e-03 9.999901124e-01 3.197661701e-01
9.992840458e-01 -3.776987148e-02 -2.198338676e-03 5.523237082e-01 3.776572667e-02 9.992848192e-01 -1.897366320e-03 7.260636530e+00 2.268429748e-03 1.812986035e-03 9.999957836e-01 3.293652027e-01
9.990756837e-01 -4.291494007e-02 -2.467031717e-03 6.457326044e-01 4.291020433e-02 9.990770465e-01 -1.941541991e-03 7.451459584e+00 2.548075919e-03 1.833886557e-03 9.999950721e-01 3.491602191e-01
9.991179701e-01 -4.182697852e-02 -3.712906545e-03 6.470666744e-01 4.181763729e-02 9.991219832e-01 -2.558869259e-03 7.607432084e+00 3.816676321e-03 2.401347281e-03 9.999898332e-01 3.559996304e-01
9.993597751e-01 -3.545872829e-02 -4.766387663e-03 5.910098130e-01 3.544428830e-02 9.993669056e-01 -3.080652649e-03 7.739839451e+00 4.872606115e-03 2.909739120e-03 9.999838954e-01 3.579742066e-01
9.993599336e-01 -3.550511675e-02 -4.371485114e-03 5.665004233e-01 3.548776794e-02 9.993621686e-01 -3.984243926e-03 7.889549352e+00 4.510157890e-03 3.826559496e-03 9.999825078e-01 3.726722120e-01
9.990807629e-01 -4.275837424e-02 -3.057871687e-03 6.159969234e-01 4.274533982e-02 9.990771386e-01 -4.207981122e-03 8.039206169e+00 3.234976127e-03 4.073403226e-03 9.999864711e-01 3.752021698e-01
9.990056822e-01 -4.447309892e-02 -3.128977992e-03 6.805293411e-01 4.446075991e-02 9.990034864e-01 -3.908330282e-03 8.228183940e+00 3.299675482e-03 3.765327421e-03 9.999874671e-01 3.705469310e-01
9.991011086e-01 -4.214169293e-02 -4.588305203e-03 6.634584508e-01 4.211958550e-02 9.991009849e-01 -4.812746514e-03 8.386607044e+00 4.786997533e-03 4.615162864e-03 9.999778922e-01 3.917406465e-01
9.992088182e-01 -3.941564136e-02 -5.305174961e-03 6.361103840e-01 3.938191050e-02 9.992042502e-01 -6.319136106e-03 8.536082850e+00 5.550026171e-03 6.105208595e-03 9.999659612e-01 4.042194139e-01
9.992646090e-01 -3.802464233e-02 -4.936363031e-03 6.278676029e-01 3.798600439e-02 9.992486178e-01 -7.698271718e-03 8.674362250e+00 5.225377964e-03 7.505097771e-03 9.999581836e-01 4.025925256e-01
9.993426454e-01 -3.593357229e-02 -4.801607380e-03 6.322342405e-01 3.588766831e-02 9.993123066e-01 -9.326799461e-03 8.838500772e+00 5.133450569e-03 9.148349954e-03 9.999449762e-01 3.923820328e-01
9.992859586e-01 -3.758141493e-02 -3.900015972e-03 6.645436100e-01 3.752636123e-02 9.992065768e-01 -1.334125580e-02 8.993588113e+00 4.398304879e-03 1.318537619e-02 9.999033957e-01 3.695604674e-01
9.994586025e-01 -3.276805552e-02 -2.959132900e-03 7.234042856e-01 3.271894615e-02 9.993467390e-01 -1.534815396e-02 9.153816216e+00 3.460128975e-03 1.524302479e-02 9.998778314e-01 3.236207992e-01
9.997393961e-01 -2.263103062e-02 -2.996057895e-03 6.842827637e-01 2.258263865e-02 9.996278231e-01 -1.530489482e-02 9.309090029e+00 3.341308374e-03 1.523324741e-02 9.998783845e-01 3.175116994e-01
9.996999713e-01 -2.418065366e-02 -3.906840575e-03 6.716399954e-01 2.412974374e-02 9.996295407e-01 -1.259114237e-02 9.452877480e+00 4.209855303e-03 1.249309360e-02 9.999130961e-01 3.664885828e-01
9.995317481e-01 -3.024674298e-02 -4.628073091e-03 7.084986167e-01 3.019813537e-02 9.994915293e-01 -1.023500757e-02 9.616854510e+00 4.935295494e-03 1.009045583e-02 9.999369108e-01 4.112666812e-01
9.993356185e-01 -3.616364740e-02 -4.529044203e-03 7.624851679e-01 3.611316929e-02 9.992896595e-01 -1.077104323e-02 9.790917172e+00 4.915347249e-03 1.060032900e-02 9.999317339e-01 4.152935197e-01
9.994161155e-01 -3.393831195e-02 -3.952102063e-03 7.657593977e-01 3.388501123e-02 9.993431027e-01 -1.285181172e-02 9.959800970e+00 4.385674733e-03 1.271039073e-02 9.999096018e-01 3.950151139e-01
9.995329958e-01 -3.032958879e-02 -3.729134474e-03 7.318343042e-01 3.027676934e-02 9.994505592e-01 -1.348691668e-02 1.011757289e+01 4.136138173e-03 1.336771209e-02 9.999020935e-01 3.856008516e-01
9.994036037e-01 -3.431743926e-02 -3.840617928e-03 7.184605933e-01 3.427103642e-02 9.993457415e-01 -1.155790112e-02 1.026391766e+01 4.234742741e-03 1.141938608e-02 9.999258295e-01 4.244029707e-01
9.991426124e-01 -4.105805586e-02 -5.317536943e-03 7.588519597e-01 4.100427522e-02 9.991103576e-01 -9.856105910e-03 1.043400135e+01 5.717478784e-03 9.629613658e-03 9.999372885e-01 4.779370705e-01
9.991775527e-01 -3.994770828e-02 -6.956922871e-03 8.053972282e-01 3.987581603e-02 9.991527538e-01 -1.018301714e-02 1.060897940e+01 7.357816842e-03 9.897229165e-03 9.999239508e-01 4.994441862e-01
9.992963970e-01 -3.706806006e-02 -5.715763927e-03 8.024186921e-01 3.700047146e-02 9.992489713e-01 -1.150905889e-02 1.073957795e+01 6.138089710e-03 1.128947512e-02 9.999174324e-01 4.828234833e-01
9.993520829e-01 -3.582621466e-02 -3.449158979e-03 7.868993734e-01 3.577946541e-02 9.992780416e-01 -1.277596752e-02 1.086439441e+01 3.904383385e-03 1.264428069e-02 9.999124351e-01 4.638532290e-01
9.993050742e-01 -3.702082633e-02 -4.339026128e-03 7.899475740e-01 3.696701193e-02 9.992457751e-01 -1.188785138e-02 1.105584158e+01 4.775851608e-03 1.171918938e-02 9.999199227e-01 4.707984299e-01
9.993341201e-01 -3.470988726e-02 -1.124900958e-02 8.110226300e-01 3.464454065e-02 9.993819686e-01 -5.952871409e-03 1.123598183e+01 1.144868083e-02 5.559190741e-03 9.999190083e-01 6.099517603e-01
9.994395884e-01 -2.952394943e-02 -1.577483758e-02 8.046886645e-01 2.948877623e-02 9.995620899e-01 -2.457725253e-03 1.136068846e+01 1.584049138e-02 1.991167260e-03 9.998725489e-01 7.271082310e-01
9.994096383e-01 -3.201066663e-02 -1.247766685e-02 8.094871173e-01 3.199851298e-02 9.994872287e-01 -1.172510966e-03 1.148081197e+01 1.250880152e-02 7.725519761e-04 9.999214634e-01 7.042624106e-01
9.993055663e-01 -3.653737401e-02 -7.307901836e-03 8.641232934e-01 3.651210719e-02 9.993268641e-01 -3.561548328e-03 1.165171269e+01 7.433112249e-03 3.292248173e-03 9.999669544e-01 6.295023455e-01
9.993189725e-01 -3.653522101e-02 -5.173868432e-03 8.745905367e-01 3.650152581e-02 9.993126928e-01 -6.463794717e-03 1.181648640e+01 5.406468563e-03 6.270538603e-03 9.999657246e-01 5.687422818e-01
9.994648220e-01 -3.194719867e-02 -7.031794252e-03 8.535049928e-01 3.190052313e-02 9.994689074e-01 -6.652794382e-03 1.198566082e+01 7.240597862e-03 6.424916038e-03 9.999531460e-01 5.831047982e-01
9.994128850e-01 -3.258582813e-02 -1.058532906e-02 8.463966430e-01 3.253410752e-02 9.994580083e-01 -5.022104235e-03 1.212501178e+01 1.074324132e-02 4.674771448e-03 9.999313623e-01 6.658965449e-01
9.994538311e-01 -3.032249847e-02 -1.313718184e-02 8.813281820e-01 3.028179156e-02 9.995359982e-01 -3.286563359e-03 1.230041822e+01 1.323074297e-02 2.886950939e-03 9.999083023e-01 7.222531736e-01
9.995506591e-01 -2.731810348e-02 -1.233698296e-02 8.703654286e-01 2.727545645e-02 9.996214298e-01 -3.612000637e-03 1.245242684e+01 1.243098555e-02 3.273880776e-03 9.999173727e-01 7.177183479e-01
9.995403730e-01 -2.916062159e-02 -8.288602985e-03 8.969057297e-01 2.911919891e-02 9.995630625e-01 -5.075075216e-03 1.259376636e+01 8.432973731e-03 4.831385095e-03 9.999527702e-01 6.748507794e-01
9.994498923e-01 -3.253879742e-02 -6.413996778e-03 9.322682693e-01 3.250609349e-02 9.994583265e-01 -5.138820066e-03 1.274603437e+01 6.577733511e-03 4.927499183e-03 9.999662260e-01 6.508791520e-01
9.995988314e-01 -2.688273729e-02 -8.915975830e-03 9.412143658e-01 2.684228126e-02 9.996289747e-01 -4.626541768e-03 1.292507613e+01 9.037041885e-03 4.385360614e-03 9.999495490e-01 6.886676943e-01
9.996268963e-01 -2.477624290e-02 -1.149808295e-02 9.230122292e-01 2.472933805e-02 9.996853445e-01 -4.203785887e-03 1.307517428e+01 1.159861904e-02 3.917877459e-03 9.999250583e-01 7.388232186e-01
9.996637446e-01 -2.369359497e-02 -1.053618506e-02 9.369621610e-01 2.364852891e-02 9.997107330e-01 -4.381493249e-03 1.322825338e+01 1.063695062e-02 4.130854671e-03 9.999348935e-01 7.463280917e-01
9.996368407e-01 -2.571136355e-02 -8.069229079e-03 9.677559045e-01 2.567622699e-02 9.996605036e-01 -4.428204747e-03 1.337355331e+01 8.180344787e-03 4.219409246e-03 9.999576384e-01 7.276121358e-01
9.995353387e-01 -2.957792867e-02 -7.365652042e-03 9.861375735e-01 2.954673511e-02 9.995541145e-01 -4.308432721e-03 1.353702089e+01 7.489802320e-03 4.088799789e-03 9.999635916e-01 7.248948773e-01
9.995395332e-01 -2.906202988e-02 -8.724671975e-03 1.002743807e+00 2.902519889e-02 9.995693499e-01 -4.318851128e-03 1.372437462e+01 8.846429275e-03 4.063627102e-03 9.999526127e-01 7.386810356e-01
9.996474929e-01 -2.459754000e-02 -9.992541781e-03 9.976825077e-01 2.455411474e-02 9.996886181e-01 -4.445469227e-03 1.387378705e+01 1.009877789e-02 4.198544150e-03 9.999401917e-01 7.524174664e-01
9.996323105e-01 -2.500164655e-02 -1.049578660e-02 9.818036668e-01 2.496170442e-02 9.996807246e-01 -3.919465517e-03 1.401708410e+01 1.059042865e-02 3.656031648e-03 9.999372362e-01 7.702797378e-01
9.996059660e-01 -2.590843369e-02 -1.080119349e-02 1.028185697e+00 2.587320184e-02 9.996594883e-01 -3.388944207e-03 1.419256387e+01 1.088531780e-02 3.108147389e-03 9.999359226e-01 7.961115629e-01
9.996862748e-01 -2.283724072e-02 -1.028651486e-02 1.043658172e+00 2.279790015e-02 9.997323867e-01 -3.925654212e-03 1.434407529e+01 1.037341316e-02 3.689911697e-03 9.999393866e-01 8.051773429e-01
9.996842350e-01 -2.412693729e-02 -7.022907926e-03 1.011828759e+00 2.412310533e-02 9.997087971e-01 -6.298469529e-04 1.449063989e+01 7.036059113e-03 4.602337217e-04 9.999751407e-01 8.210443801e-01
9.995032106e-01 -3.126808975e-02 -3.954559676e-03 1.045489711e+00 3.127602999e-02 9.995088592e-01 1.962210764e-03 1.466499244e+01 3.891262848e-03 -2.084918885e-03 9.999902555e-01 8.572653044e-01
9.995162702e-01 -3.059376770e-02 -5.589899775e-03 1.103942538e+00 3.058881615e-02 9.995315828e-01 -9.691806301e-04 1.483170572e+01 5.616932257e-03 7.977233920e-04 9.999839067e-01 8.601615911e-01
9.996300020e-01 -2.500394116e-02 -1.070803653e-02 1.107871185e+00 2.494085457e-02 9.996710121e-01 -5.985098676e-03 1.498288735e+01 1.085416477e-02 5.715816620e-03 9.999247554e-01 8.077081070e-01
9.997646031e-01 -1.526306326e-02 -1.542003130e-02 1.076530463e+00 1.515481685e-02 9.998598622e-01 -7.112493958e-03 1.513811811e+01 1.552642881e-02 6.877131949e-03 9.998558071e-01 8.051122777e-01
9.997857180e-01 -1.510850848e-02 -1.415100796e-02 1.044853358e+00 1.503696506e-02 9.998736831e-01 -5.148545524e-03 1.529565659e+01 1.422700729e-02 4.934654071e-03 9.998866143e-01 8.685438391e-01
9.997710531e-01 -1.996610843e-02 -7.693891311e-03 1.104599348e+00 1.993276557e-02 9.997917011e-01 -4.386270093e-03 1.545601005e+01 7.779865426e-03 4.231905338e-03 9.999607816e-01 8.939225530e-01
9.997652147e-01 -2.066420794e-02 -6.519663852e-03 1.164221433e+00 2.063948142e-02 9.997796189e-01 -3.837371541e-03 1.564352274e+01 6.597523285e-03 3.701908102e-03 9.999713839e-01 8.644810517e-01
9.997855730e-01 -1.647238486e-02 -1.254864437e-02 1.149512376e+00 1.644055378e-02 9.998613714e-01 -2.635570321e-03 1.582365550e+01 1.259031890e-02 2.428698521e-03 9.999177893e-01 8.704643406e-01
9.997907362e-01 -1.149080421e-02 -1.692469466e-02 1.119630734e+00 1.144195071e-02 9.999300966e-01 -2.980534717e-03 1.597114617e+01 1.695776031e-02 2.786259477e-03 9.998523247e-01 9.076242023e-01
9.997840677e-01 -1.398835870e-02 -1.536697042e-02 1.137773400e+00 1.394242122e-02 9.998980176e-01 -3.092446451e-03 1.612699251e+01 1.540866151e-02 2.877525917e-03 9.998771390e-01 9.320410723e-01
9.997387081e-01 -1.882012925e-02 -1.297375477e-02 1.176341349e+00 1.879381127e-02 9.998210744e-01 -2.147508448e-03 1.630408990e+01 1.301184982e-02 1.903121023e-03 9.999135312e-01 9.380547865e-01
9.997568771e-01 -1.775748572e-02 -1.307127824e-02 1.201495796e+00 1.773972113e-02 9.998415526e-01 -1.473757271e-03 1.648035068e+01 1.309537735e-02 1.241518136e-03 9.999134811e-01 9.432387543e-01
9.997954110e-01 -1.446108293e-02 -1.414260438e-02 1.195396386e+00 1.443819257e-02 9.998942857e-01 -1.719309368e-03 1.662785725e+01 1.416597238e-02 1.514763971e-03 9.998985102e-01 9.669711278e-01
9.997875788e-01 -1.473268126e-02 -1.441337365e-02 1.183933033e+00 1.470486115e-02 9.998898084e-01 -2.034243271e-03 1.677217800e+01 1.444175527e-02 1.821864496e-03 9.998940526e-01 9.764739241e-01
9.997838099e-01 -1.496925762e-02 -1.443103238e-02 1.214442639e+00 1.494570373e-02 9.998867951e-01 -1.738642672e-03 1.693830782e+01 1.445542490e-02 1.522584860e-03 9.998943556e-01 9.690615675e-01
9.997970217e-01 -1.426155353e-02 -1.423107300e-02 1.228263096e+00 1.424744710e-02 9.998979035e-01 -1.092138178e-03 1.710878242e+01 1.424519564e-02 8.891600375e-04 9.998981367e-01 9.657265353e-01
9.997647607e-01 -1.673884452e-02 -1.379254399e-02 1.246277725e+00 1.672513387e-02 9.998595103e-01 -1.108817898e-03 1.727943029e+01 1.380916661e-02 8.778749155e-04 9.999042635e-01 9.953928534e-01
9.997104604e-01 -1.903021010e-02 -1.472570719e-02 1.271338541e+00 1.899912277e-02 9.998169729e-01 -2.248128972e-03 1.745042206e+01 1.476579435e-02 1.967702531e-03 9.998890436e-01 1.008843821e+00
9.998158329e-01 -1.066140138e-02 -1.595727885e-02 1.277950679e+00 1.060565441e-02 9.999373711e-01 -3.574072742e-03 1.762715061e+01 1.599438409e-02 3.404177131e-03 9.998662867e-01 9.828396807e-01
9.998433621e-01 -6.778708668e-03 -1.634932341e-02 1.243117482e+00 6.704611343e-03 9.999670230e-01 -4.582696088e-03 1.778332285e+01 1.637984902e-02 4.472362405e-03 9.998558389e-01 9.717576139e-01
9.997579402e-01 -1.600865068e-02 -1.509251920e-02 1.256532045e+00 1.593934976e-02 9.998619098e-01 -4.700908714e-03 1.792170341e+01 1.516569027e-02 4.459205870e-03 9.998750509e-01 9.926345249e-01
9.996324569e-01 -2.285289670e-02 -1.458410989e-02 1.344203458e+00 2.277126588e-02 9.997242287e-01 -5.738990333e-03 1.809609355e+01 1.471124056e-02 5.404782362e-03 9.998771763e-01 1.010868945e+00
9.997932377e-01 -1.379664368e-02 -1.493768808e-02 1.348826687e+00 1.362544599e-02 9.998410068e-01 -1.150253991e-02 1.826932361e+01 1.509400953e-02 1.129662895e-02 9.998222627e-01 9.979340143e-01
9.998553924e-01 -8.741397366e-03 -1.458705503e-02 1.298733872e+00 8.505155071e-03 9.998329285e-01 -1.617953494e-02 1.841419477e+01 1.472604969e-02 1.605313010e-02 9.997626921e-01 9.573729853e-01
9.998166199e-01 -1.272551302e-02 -1.431041093e-02 1.303543112e+00 1.250004986e-02 9.997980466e-01 -1.573577904e-02 1.855191519e+01 1.450776676e-02 1.555401256e-02 9.997737731e-01 9.460524100e-01
9.997768190e-01 -1.532157202e-02 -1.454515896e-02 1.361132389e+00 1.511195778e-02 9.997819172e-01 -1.441342619e-02 1.871815760e+01 1.476282326e-02 1.419040356e-02 9.997903238e-01 9.681828255e-01
9.998803438e-01 -8.440315659e-03 -1.296376665e-02 1.366682722e+00 8.180959077e-03 9.997678934e-01 -1.993066051e-02 1.889792939e+01 1.312897874e-02 1.982221964e-02 9.997173148e-01 9.594059210e-01
9.997910093e-01 -3.891152107e-03 -2.006979362e-02 1.357075090e+00 2.855751193e-03 9.986759646e-01 -5.136304519e-02 1.905958200e+01 2.024308192e-02 5.129499645e-02 9.984783628e-01 1.058414043e+00
9.997325672e-01 -7.223303797e-03 -2.196856714e-02 1.369488598e+00 5.694327459e-03 9.976086051e-01 -6.888138885e-02 1.919929861e+01 2.241358282e-02 6.873787149e-02 9.973829437e-01 1.065691807e+00
9.997489134e-01 -8.592421639e-03 -2.069493906e-02 1.394219008e+00 7.304902394e-03 9.980800026e-01 -6.150566464e-02 1.936752149e+01 2.118368743e-02 6.133904688e-02 9.978921649e-01 1.085635850e+00
9.997602957e-01 -8.184006007e-03 -2.030697504e-02 1.419448697e+00 7.256230267e-03 9.989448977e-01 -4.534797149e-02 1.955400430e+01 2.065667718e-02 4.518974930e-02 9.987648313e-01 1.111058704e+00
9.997261522e-01 -7.096503302e-03 -2.229933172e-02 1.393959243e+00 6.207991733e-03 9.991937720e-01 -3.966442695e-02 1.971684328e+01 2.256283211e-02 3.951513087e-02 9.989642001e-01 1.156121744e+00
9.996592463e-01 -1.340178285e-02 -2.240052608e-02 1.374681471e+00 1.237832357e-02 9.989003828e-01 -4.521949186e-02 1.986884761e+01 2.298191588e-02 4.492680219e-02 9.987258953e-01 1.144936383e+00
9.995066711e-01 -2.282193989e-02 -2.157715371e-02 1.395308100e+00 2.170161425e-02 9.984728911e-01 -5.080281224e-02 2.002842657e+01 2.270362177e-02 5.030949068e-02 9.984755884e-01 1.120262452e+00
9.993178247e-01 -2.845292511e-02 -2.354392053e-02 1.429922551e+00 2.733673076e-02 9.985467349e-01 -4.644482021e-02 2.021644400e+01 2.483119597e-02 4.576952289e-02 9.986433610e-01 1.156638241e+00
9.991464950e-01 -3.528733823e-02 -2.147289486e-02 1.408417438e+00 3.460300587e-02 9.989062429e-01 -3.144757296e-02 2.040446351e+01 2.255910987e-02 3.067770559e-02 9.992747195e-01 1.207591654e+00
9.985398011e-01 -5.163227428e-02 -1.588627707e-02 1.374839450e+00 5.162315701e-02 9.986661514e-01 -9.837234676e-04 2.056793298e+01 1.591587906e-02 1.621872601e-04 9.998733212e-01 1.144991457e+00
9.978915857e-01 -6.275801926e-02 -1.654733158e-02 1.379606120e+00 6.292134715e-02 9.979728800e-01 9.541215962e-03 2.072057608e+01 1.591500034e-02 -1.056227952e-02 9.998175589e-01 1.125254926e+00
9.975388338e-01 -6.727946135e-02 -1.974206740e-02 1.358306973e+00 6.724112458e-02 9.977333666e-01 -2.600056024e-03 2.089544313e+01 1.987224974e-02 1.266178041e-03 9.998017256e-01 1.113434329e+00
9.970966640e-01 -7.297912226e-02 -2.173224178e-02 1.303616083e+00 7.266908566e-02 9.972473167e-01 -1.473069175e-02 2.107444334e+01 2.274745275e-02 1.310866147e-02 9.996552988e-01 1.104493240e+00
9.958006615e-01 -8.894272009e-02 -2.168490283e-02 1.283309575e+00 8.865781159e-02 9.959670163e-01 -1.376571172e-02 2.122914590e+01 2.282180781e-02 1.178536881e-02 9.996700807e-01 1.132764986e+00
9.940200973e-01 -1.070556503e-01 -2.152054694e-02 1.281966393e+00 1.069534611e-01 9.942468298e-01 -5.847953369e-03 2.138559848e+01 2.202279202e-02 3.511286196e-03 9.997513028e-01 1.200275061e+00
9.915083843e-01 -1.282613757e-01 -2.145095394e-02 1.269001564e+00 1.283026292e-01 9.917349093e-01 5.523665807e-04 2.154268058e+01 2.120281256e-02 -3.299889885e-03 9.997697492e-01 1.261801221e+00
9.886688228e-01 -1.486647548e-01 -2.080263189e-02 1.241578045e+00 1.487106148e-01 9.888805331e-01 6.665755346e-04 2.169843134e+01 2.047222142e-02 -3.752594627e-03 9.997833796e-01 1.260938501e+00
9.859966580e-01 -1.654319314e-01 -2.104439569e-02 1.207863212e+00 1.653649607e-01 9.862202903e-01 -4.895784691e-03 2.184995298e+01 2.156432914e-02 1.347221679e-03 9.997665551e-01 1.236035021e+00
9.834080296e-01 -1.801805406e-01 -2.106229327e-02 1.145670172e+00 1.800187336e-01 9.836186784e-01 -9.356871678e-03 2.200186108e+01 2.240319126e-02 5.410015380e-03 9.997343791e-01 1.215107646e+00
9.805023280e-01 -1.954149586e-01 -2.069247894e-02 1.076546264e+00 1.952591797e-01 9.807074095e-01 -9.318243677e-03 2.215230599e+01 2.211419162e-02 5.096163156e-03 9.997424627e-01 1.180567084e+00
9.765715402e-01 -2.141188756e-01 -2.147403162e-02 1.035519471e+00 2.139920058e-01 9.768020892e-01 -8.068461216e-03 2.230566845e+01 2.270348879e-02 3.284158498e-03 9.997368483e-01 1.197344580e+00
9.717887526e-01 -2.347785697e-01 -2.248651865e-02 1.012145573e+00 2.346800942e-01 9.720477426e-01 -6.959845491e-03 2.245663510e+01 2.349199227e-02 1.486361252e-03 9.997229201e-01 1.249902590e+00
9.667421543e-01 -2.547510983e-01 -2.261603372e-02 9.648839791e-01 2.546778014e-01 9.670066471e-01 -6.112435306e-03 2.262227012e+01 2.342700454e-02 1.493471332e-04 9.997255389e-01 1.277470863e+00
9.605451940e-01 -2.772492329e-01 -2.204071600e-02 8.838731836e-01 2.771705235e-01 9.607980043e-01 -6.610285809e-03 2.278730254e+01 2.300937261e-02 2.404414742e-04 9.997352204e-01 1.274595780e+00
9.535000680e-01 -3.005876571e-01 -2.201546654e-02 8.249087338e-01 3.004997586e-01 9.537541385e-01 -7.275870409e-03 2.291670483e+01 2.318437916e-02 3.219005482e-04 9.997311543e-01 1.268452817e+00
9.473919469e-01 -3.192831978e-01 -2.251085429e-02 7.561624770e-01 3.191734241e-01 9.476590262e-01 -8.408061458e-03 2.306855988e+01 2.401716701e-02 7.808632702e-04 9.997112413e-01 1.279419135e+00
9.424009907e-01 -3.336866241e-01 -2.309998999e-02 6.793490917e-01 3.335515468e-01 9.426831231e-01 -9.586185264e-03 2.322295233e+01 2.497475250e-02 1.328993098e-03 9.996871988e-01 1.267359278e+00
9.361368297e-01 -3.509265081e-01 -2.232536584e-02 5.815167705e-01 3.507968502e-01 9.364022806e-01 -9.609307522e-03 2.334259127e+01 2.427768422e-02 1.163958662e-03 9.997045760e-01 1.245318041e+00
9.278911157e-01 -3.722064417e-01 -2.191899106e-02 5.180292782e-01 3.721076174e-01 9.281499482e-01 -8.578738642e-03 2.347973460e+01 2.353717220e-02 -1.960881702e-04 9.997229432e-01 1.253621721e+00
9.178544618e-01 -3.962765694e-01 -2.254035420e-02 4.467601912e-01 3.961795707e-01 9.181307999e-01 -8.808067922e-03 2.363012444e+01 2.418542437e-02 -8.455034072e-04 9.997071323e-01 1.279074854e+00
9.060507926e-01 -4.224892243e-01 -2.397533180e-02 3.718681778e-01 4.224156492e-01 9.063642056e-01 -8.303385618e-03 2.377568868e+01 2.523847351e-02 -2.604266226e-03 9.996780668e-01 1.311667931e+00
8.973885753e-01 -4.405325577e-01 -2.499621203e-02 2.926267508e-01 4.404754333e-01 8.977286274e-01 -8.043891063e-03 2.391613020e+01 2.598341102e-02 -3.791721386e-03 9.996551832e-01 1.315540022e+00
8.899234702e-01 -4.554434310e-01 -2.464748104e-02 1.893828322e-01 4.553598904e-01 8.902596327e-01 -9.228033917e-03 2.404810571e+01 2.614550484e-02 -3.011230297e-03 9.996536125e-01 1.293924097e+00
8.787124799e-01 -4.767459547e-01 -2.403481505e-02 7.749404845e-02 4.766566194e-01 8.790361919e-01 -9.687134434e-03 2.416848110e+01 2.574577444e-02 -2.944147766e-03 9.996641872e-01 1.285850168e+00
8.656097819e-01 -5.001394290e-01 -2.408852427e-02 -1.114732669e-02 5.000762919e-01 8.659344762e-01 -9.010286826e-03 2.428380666e+01 2.536548336e-02 -4.246707480e-03 9.996692242e-01 1.306720844e+00
8.523303620e-01 -5.224153331e-01 -2.480269792e-02 -8.910410868e-02 5.223895406e-01 8.526692151e-01 -8.023553690e-03 2.442281913e+01 2.534012444e-02 -6.117951551e-03 9.996601666e-01 1.327053454e+00
8.421663799e-01 -5.385803971e-01 -2.620962434e-02 -1.778596692e-01 5.385199771e-01 8.425544065e-01 -9.914952750e-03 2.455032930e+01 2.742303367e-02 -5.764366432e-03 9.996072975e-01 1.341179598e+00
8.296130443e-01 -5.577645469e-01 -2.531614041e-02 -3.014695618e-01 5.576498103e-01 8.299889615e-01 -1.204213327e-02 2.465490126e+01 2.772879209e-02 -4.127230052e-03 9.996069628e-01 1.339248541e+00
8.164754885e-01 -5.768905563e-01 -2.377104803e-02 -4.004760271e-01 5.767884057e-01 8.168106267e-01 -1.164195626e-02 2.477300399e+01 2.613257927e-02 -4.205492971e-03 9.996496397e-01 1.325259626e+00
8.041860594e-01 -5.938785534e-01 -2.435253177e-02 -5.070750785e-01 5.938044375e-01 8.045348448e-01 -1.095324165e-02 2.490917711e+01 2.609735568e-02 -5.652197191e-03 9.996434268e-01 1.324846687e+00
7.938100622e-01 -6.075899524e-01 -2.645817371e-02 -6.363038980e-01 6.074620815e-01 7.942330859e-01 -1.355082792e-02 2.502644871e+01 2.924730385e-02 -5.315553719e-03 9.995580724e-01 1.323849749e+00
7.801631150e-01 -6.249701503e-01 -2.752862451e-02 -7.578707720e-01 6.248165103e-01 7.806288926e-01 -1.492850947e-02 2.511501669e+01 3.081951248e-02 -5.553666650e-03 9.995095369e-01 1.358095710e+00
7.631631271e-01 -6.456440093e-01 -2.694169231e-02 -8.546352719e-01 6.455289078e-01 7.636086567e-01 -1.393731022e-02 2.524343598e+01 2.957145033e-02 -6.755199960e-03 9.995398424e-01 1.376078643e+00
7.504063965e-01 -6.603458545e-01 -2.887200223e-02 -9.627079882e-01 6.602747754e-01 7.509065684e-01 -1.328708309e-02 2.535571444e+01 3.045424635e-02 -9.092742643e-03 9.994948028e-01 1.364673755e+00
7.373548008e-01 -6.748781532e-01 -2.910972270e-02 -1.108659465e+00 6.748126713e-01 7.378655704e-01 -1.350032364e-02 2.544311563e+01 3.059013563e-02 -9.689081286e-03 9.994850501e-01 1.344775019e+00
7.186255885e-01 -6.948066262e-01 -2.865337190e-02 -1.234821597e+00 6.947769303e-01 7.191147865e-01 -1.260718072e-02 2.551104296e+01 2.936461612e-02 -1.084785910e-02 9.995099015e-01 1.370096279e+00
7.004114229e-01 -7.131061673e-01 -3.005715978e-02 -1.358235192e+00 7.131093234e-01 7.009413963e-01 -1.250007438e-02 2.564518793e+01 2.998218768e-02 -1.267884600e-02 9.994700172e-01 1.371005580e+00
6.904590352e-01 -7.208304227e-01 -6.057905989e-02 -1.459385595e+00 7.209775538e-01 6.925641619e-01 -2.337195929e-02 2.576544590e+01 5.880210514e-02 -2.753876195e-02 9.978897379e-01 1.375580847e+00
6.773537833e-01 -7.319704789e-01 -7.355997779e-02 -1.610777995e+00 7.319650566e-01 6.805821033e-01 -3.217385059e-02 2.583013266e+01 7.361391322e-02 -3.205025388e-02 9.967716755e-01 1.422121205e+00
6.583358710e-01 -7.498116113e-01 -6.615458123e-02 -1.726222190e+00 7.498226480e-01 6.609699152e-01 -2.974504593e-02 2.589625624e+01 6.602936876e-02 -3.002197256e-02 9.973659327e-01 1.437584411e+00
6.379482073e-01 -7.679384049e-01 -5.738197500e-02 -1.842999536e+00 7.682201396e-01 6.398134549e-01 -2.183025505e-02 2.599594987e+01 5.347805092e-02 -3.015541677e-02 9.981135952e-01 1.406951070e+00
6.189444565e-01 -7.833031216e-01 -5.782715187e-02 -1.970335317e+00 7.837711207e-01 6.207466303e-01 -1.940235357e-02 2.609357488e+01 5.109393378e-02 -3.331427244e-02 9.981380512e-01 1.422460528e+00
6.015998205e-01 -7.964985389e-01 -6.056181538e-02 -2.123591069e+00 7.969082007e-01 6.036609606e-01 -2.303832245e-02 2.616741166e+01 5.490879382e-02 -3.440235667e-02 9.978985430e-01 1.458458181e+00
5.826156579e-01 -8.104398396e-01 -6.120671189e-02 -2.279629152e+00 8.107273028e-01 5.848238107e-01 -2.650190428e-02 2.623965329e+01 5.727334154e-02 -3.418152804e-02 9.977732145e-01 1.493038607e+00
5.624283412e-01 -8.246277871e-01 -6.052581021e-02 -2.400493793e+00 8.249394140e-01 5.645942609e-01 -2.661360049e-02 2.629054967e+01 5.611883956e-02 -3.496188323e-02 9.978117771e-01 1.507027741e+00
5.453832966e-01 -8.359532828e-01 -6.114874233e-02 -2.516606797e+00 8.363537269e-01 5.475626471e-01 -2.622195649e-02 2.636313046e+01 5.540309783e-02 -3.684096147e-02 9.977841652e-01 1.486469553e+00
5.364727456e-01 -8.418086190e-01 -5.962585092e-02 -2.661648673e+00 8.418444739e-01 5.387668176e-01 -3.206552757e-02 2.644044065e+01 5.911746742e-02 -3.299341148e-02 9.977056479e-01 1.441122461e+00
5.236035051e-01 -8.501346212e-01 -5.577181401e-02 -2.839427751e+00 8.497814966e-01 5.258237628e-01 -3.715882829e-02 2.647459288e+01 6.091615151e-02 -2.793736284e-02 9.977518360e-01 1.390259832e+00
5.028704534e-01 -8.626549944e-01 -5.429242826e-02 -2.986650824e+00 8.623799099e-01 5.049778157e-01 -3.603188302e-02 2.653731290e+01 5.849955567e-02 -2.870133005e-02 9.978747595e-01 1.383149114e+00
4.805800872e-01 -8.750672266e-01 -5.744674635e-02 -3.118878369e+00 8.751000812e-01 4.827894472e-01 -3.337959779e-02 2.660814110e+01 5.694407498e-02 -3.423008237e-02 9.977903957e-01 1.457618150e+00
4.578999147e-01 -8.869614608e-01 -6.022487210e-02 -3.237849527e+00 8.872502571e-01 4.601996760e-01 -3.167395503e-02 2.667304464e+01 5.580904406e-02 -3.893103195e-02 9.976821765e-01 1.525244017e+00
4.385993997e-01 -8.966580617e-01 -6.029002379e-02 -3.365156136e+00 8.968848109e-01 4.409772568e-01 -3.371490889e-02 2.673281346e+01 5.681727416e-02 -3.928586778e-02 9.976113562e-01 1.551681907e+00
4.301876549e-01 -9.009472842e-01 -5.685571755e-02 -3.525714204e+00 9.008352612e-01 4.325165848e-01 -3.775229905e-02 2.678353949e+01 5.860387209e-02 -3.497706217e-02 9.976683774e-01 1.476129693e+00
4.127550777e-01 -9.092333089e-01 -5.411132822e-02 -3.704247221e+00 9.089852136e-01 4.149775491e-01 -3.923665717e-02 2.679208087e+01 5.813026200e-02 -3.299126776e-02 9.977637240e-01 1.408409349e+00
3.942750336e-01 -9.173733743e-01 -5.452788232e-02 -3.846810851e+00 9.172553774e-01 3.964829096e-01 -3.799835488e-02 2.685173426e+01 5.647805247e-02 -3.503419063e-02 9.977889732e-01 1.422774501e+00
3.776518496e-01 -9.242342535e-01 -5.630386477e-02 -3.980010480e+00 9.242967626e-01 3.799103936e-01 -3.665497961e-02 2.691842182e+01 5.526821115e-02 -3.819865908e-02 9.977405912e-01 1.475340730e+00
3.575377907e-01 -9.321324330e-01 -5.740954193e-02 -4.129586842e+00 9.323572967e-01 3.598030089e-01 -3.537889371e-02 2.696332024e+01 5.363394019e-02 -4.087691382e-02 9.977236483e-01 1.531060569e+00
3.380239475e-01 -9.393903300e-01 -5.732031779e-02 -4.279703937e+00 9.395351544e-01 3.403745145e-01 -3.766807076e-02 2.700873810e+01 5.489539675e-02 -4.112174365e-02 9.976449757e-01 1.533078071e+00
3.295376818e-01 -9.425709642e-01 -5.445083797e-02 -4.420007172e+00 9.423082579e-01 3.319431875e-01 -4.323039925e-02 2.705437196e+01 5.882230382e-02 -3.706342872e-02 9.975801917e-01 1.447992246e+00
3.207888411e-01 -9.457714969e-01 -5.109594075e-02 -4.590121195e+00 9.450964869e-01 3.231780787e-01 -4.846194338e-02 2.705981471e+01 6.234701270e-02 -3.274454344e-02 9.975172404e-01 1.401168873e+00
3.022149763e-01 -9.518151297e-01 -5.209670864e-02 -4.743203769e+00 9.513059877e-01 3.046305545e-01 -4.708654823e-02 2.705355568e+01 6.068793825e-02 -3.532965081e-02 9.975313478e-01 1.458116846e+00
2.846387204e-01 -9.570423596e-01 -5.523333105e-02 -4.876506604e+00 9.568739364e-01 2.871345448e-01 -4.411375033e-02 2.712757425e+01 5.807812508e-02 -4.029485346e-02 9.974984993e-01 1.505797776e+00
2.718674018e-01 -9.607138327e-01 -5.583052457e-02 -5.046259480e+00 9.606287486e-01 2.743813035e-01 -4.367273451e-02 2.718989348e+01 5.727585226e-02 -4.175921409e-02 9.974846589e-01 1.499647248e+00
2.535490735e-01 -9.658102096e-01 -5.406945920e-02 -5.206220070e+00 9.655999989e-01 2.560361418e-01 -4.541074980e-02 2.720049686e+01 5.770190151e-02 -4.069561620e-02 9.975040638e-01 1.504601447e+00
2.359953807e-01 -9.702921471e-01 -5.328535976e-02 -5.349332847e+00 9.700545297e-01 2.384699089e-01 -4.611195116e-02 2.723290157e+01 5.744901899e-02 -4.080749713e-02 9.975140893e-01 1.492275486e+00
2.266061987e-01 -9.724902534e-01 -5.396608055e-02 -5.489545785e+00 9.723435261e-01 2.290933085e-01 -4.543482423e-02 2.726402535e+01 5.654819167e-02 -4.217775624e-02 9.975085658e-01 1.464569453e+00
2.159087901e-01 -9.749606933e-01 -5.324510218e-02 -5.654661126e+00 9.748171700e-01 2.183520315e-01 -4.531970271e-02 2.725539722e+01 5.581110500e-02 -4.211931764e-02 9.975525468e-01 1.461662001e+00
1.989874160e-01 -9.785141453e-01 -5.398218038e-02 -5.806350714e+00 9.784175102e-01 2.014951766e-01 -4.581342077e-02 2.726431294e+01 5.570622923e-02 -4.370081630e-02 9.974903782e-01 1.494153887e+00
1.851435093e-01 -9.812055750e-01 -5.438290652e-02 -5.955127410e+00 9.811438585e-01 1.876894535e-01 -4.614540091e-02 2.731724518e+01 5.548522264e-02 -4.481393327e-02 9.974533079e-01 1.500203365e+00
1.724883246e-01 -9.835457351e-01 -5.371745447e-02 -6.111053110e+00 9.835098145e-01 1.749792965e-01 -4.572407033e-02 2.735114697e+01 5.437115676e-02 -4.494477539e-02 9.975087691e-01 1.481021597e+00
1.586527032e-01 -9.859283862e-01 -5.267387520e-02 -6.268040919e+00 9.858719806e-01 1.610947616e-01 -4.587935988e-02 2.735578511e+01 5.371924862e-02 -4.465081320e-02 9.975572902e-01 1.494684540e+00
1.457409253e-01 -9.879380764e-01 -5.232532769e-02 -6.414335962e+00 9.879076232e-01 1.481566842e-01 -4.569600671e-02 2.736751888e+01 5.289717202e-02 -4.503281181e-02 9.975840491e-01 1.523222397e+00
1.333256698e-01 -9.899481060e-01 -4.719124018e-02 -6.557882877e+00 9.898316155e-01 1.353895495e-01 -4.362387914e-02 2.734585923e+01 4.957457728e-02 -4.089519860e-02 9.979328354e-01 1.552391079e+00
